7 0
7 1
7 2
7 3
7 4
7 5
7 6
7 7
7 8
7 9
7 10
7 11
7 12
7 13
7 14
7 15
7 16
7 17
7 18
7 19
7 20
7 21
7 22
7 23
7 24
7 25
7 26
7 27
7 28
7 29
7 30
7 31
7 32
7 33
7 34
7 35
7 36
7 37
7 38
7 39
7 40
7 41
7 42
7 43
7 44
7 45
7 46
7 47
7 48
7 49
7 50
7 51
7 52
7 53
7 54
7 55
7 56
7 57
7 58
7 59
7 60
7 61
7 62
7 63
7 64
7 65
7 66
7 67
7 68
7 69
7 70
7 71
7 72
7 73
7 74
7 75
7 76
7 77
7 78
7 79
7 80
7 81
7 82
7 83
7 84
7 85
7 86
7 87
7 88
7 89
7 90
7 91
7 92
7 93
7 94
7 95
7 96
7 97
7 98
7 99
7 100
7 101
7 102
7 103
7 104
7 105
7 106
7 107
7 108
7 109
7 110
7 111
7 112
7 113
7 114
7 115
7 116
7 117
7 118
7 119
7 120
7 121
7 122
7 123
7 124
7 125
7 126
7 127
7 128
7 129
7 130
7 131
7 132
7 133
7 134
7 135
7 136
7 137
7 138
7 139
7 140
7 141
7 142
7 143
7 144
7 145
7 146
7 147
7 148
7 149
7 150
7 151
7 152
7 153
7 154
7 155
7 156
7 157
7 158
7 159
7 160
7 161
7 162
7 163
7 164
7 165
7 166
7 167
7 168
7 169
7 170
7 171
7 172
7 173
7 174
7 175
7 176
7 177
7 178
7 179
7 180
7 181
7 182
7 183
7 184
7 185
7 186
7 187
7 188
7 189
7 190
7 191
7 192
7 193
7 194
7 195
7 196
7 197
7 198
7 199
7 200
7 201
7 202
7 203
7 204
7 205
7 206
7 207
7 208
7 209
7 210
7 211
7 212
7 213
7 214
7 215
7 216
7 217
7 218
7 219
7 220
7 221
7 222
7 223
7 224
7 225
7 226
7 227
7 228
7 229
7 230
7 231
7 232
7 233
7 234
7 235
7 236
7 237
7 238
7 239
7 240
7 241
7 242
7 243
7 244
7 245
7 246
7 247
7 248
7 249
7 250
7 251
7 252
7 253
7 254
7 255
7 256
7 257
7 258
7 259
7 260
7 261
7 262
7 263
7 264
7 265
7 266
7 267
7 268
7 269
7 270
7 271
7 272
7 273
7 274
7 275
7 276
7 277
7 278
7 279
7 280
7 281
7 282
7 283
7 284
7 285
7 286
7 287
7 288
7 289
7 290
7 291
7 292
7 293
7 294
7 295
7 296
7 297
7 298
7 299
7 300
7 301
7 302
7 303
7 304
7 305
7 306
7 307
7 308
7 309
7 310
7 311
7 312
7 313
7 314
7 315
7 316
7 317
7 318
7 319
7 320
7 321
7 322
7 323
7 324
7 325
7 326
7 327
7 328
7 329
7 330
7 331
7 332
7 333
7 334
7 335
7 336
7 337
7 338
7 339
7 340
7 341
7 342
7 343
7 344
7 345
7 346
7 347
7 348
7 349
7 350
7 351
7 352
7 353
7 354
7 355
7 356
7 357
7 358
7 359
7 360
7 361
7 362
7 363
7 364
7 365
7 366
7 367
7 368
7 369
7 370
7 371
7 372
7 373
7 374
7 375
7 376
7 377
7 378
7 379
7 380
7 381
7 382
7 383
7 384
7 385
7 386
7 387
7 388
7 389
7 390
7 391
7 392
7 393
7 394
7 395
7 396
7 397
7 398
7 399
7 400
7 401
7 402
7 403
7 404
7 405
7 406
7 407
7 408
7 409
7 410
7 411
7 412
7 413
7 414
7 415
7 416
7 417
7 418
7 419
7 420
7 421
7 422
7 423
7 424
7 425
7 426
7 427
7 428
7 429
7 430
7 431
7 432
7 433
7 434
7 435
7 436
7 437
7 438
7 439
7 440
7 441
7 442
7 443
7 444
7 445
7 446
7 447
7 448
7 449
7 450
7 451
7 452
7 453
7 454
7 455
7 456
7 457
7 458
7 459
7 460
7 461
7 462
7 463
7 464
7 465
7 466
7 467
7 468
7 469
7 470
7 471
7 472
7 473
7 474
7 475
7 476
7 477
7 478
7 479
7 480
7 481
7 482
7 483
7 484
7 485
7 486
7 487
7 488
7 489
7 490
7 491
7 492
7 493
7 494
7 495
7 496
7 497
7 498
7 499
7 500
7 501
7 502
7 503
7 504
7 505
7 506
7 507
7 508
7 509
7 510
7 511
7 512
7 513
7 514
7 515
7 516
7 517
7 518
7 519
7 520
7 521
7 522
7 523
7 524
7 525
7 526
7 527
7 528
7 529
7 530
7 531
7 532
7 533
7 534
7 535
7 536
7 537
7 538
7 539
7 540
7 541
7 542
7 543
7 544
7 545
7 546
7 547
7 548
7 549
7 550
7 551
7 552
7 553
7 554
7 555
7 556
7 557
7 558
7 559
7 560
7 561
7 562
7 563
7 564
7 565
7 566
7 567
7 568
7 569
7 570
7 571
7 572
7 573
7 574
7 575
7 576
7 577
7 578
7 579
7 580
7 581
7 582
7 583
7 584
7 585
7 586
7 587
7 588
7 589
7 590
7 591
7 592
7 593
7 594
7 595
7 596
7 597
7 598
7 599
7 600
7 601
7 602
7 603
7 604
7 605
7 606
7 607
7 608
7 609
7 610
7 611
7 612
7 613
7 614
7 615
7 616
7 617
7 618
7 619
7 620
7 621
7 622
7 623
7 624
7 625
7 626
7 627
7 628
7 629
7 630
7 631
7 632
7 633
7 634
7 635
7 636
7 637
7 638
7 639
7 640
7 641
7 642
7 643
7 644
7 645
7 646
7 647
7 648
7 649
7 650
7 651
7 652
7 653
7 654
7 655
7 656
7 657
7 658
7 659
7 660
7 661
7 662
7 663
7 664
7 665
7 666
7 667
7 668
7 669
7 670
7 671
7 672
7 673
7 674
7 675
7 676
7 677
7 678
7 679
7 680
7 681
7 682
7 683
7 684
7 685
7 686
7 687
7 688
7 689
7 690
7 691
7 692
7 693
7 694
7 695
7 696
7 697
7 698
7 699
7 700
7 701
7 702
7 703
7 704
7 705
7 706
7 707
7 708
7 709
7 710
7 711
7 712
7 713
7 714
7 715
7 716
7 717
7 718
7 719
7 720
7 721
7 722
7 723
7 724
7 725
7 726
7 727
7 728
7 729
7 730
7 731
7 732
7 733
7 734
7 735
7 736
7 737
7 738
7 739
7 740
7 741
7 742
7 743
7 744
7 745
7 746
7 747
7 748
7 749
7 750
7 751
7 752
7 753
7 754
7 755
7 756
7 757
7 758
7 759
7 760
7 761
7 762
7 763
7 764
7 765
7 766
7 767
7 768
7 769
7 770
7 771
7 772
7 773
7 774
7 775
7 776
7 777
7 778
7 779
7 780
7 781
7 782
7 783
7 784
7 785
7 786
7 787
7 788
7 789
7 790
7 791
7 792
7 793
7 794
7 795
7 796
7 797
7 798
7 799
7 800
7 801
7 802
7 803
7 804
7 805
7 806
7 807
7 808
7 809
7 810
7 811
7 812
7 813
7 814
7 815
7 816
7 817
7 818
7 819
7 820
7 821
7 822
7 823
7 824
7 825
7 826
7 827
7 828
7 829
7 830
7 831
7 832
7 833
7 834
7 835
7 836
7 837
7 838
7 839
7 840
7 841
7 842
7 843
7 844
7 845
7 846
7 847
7 848
7 849
7 850
7 851
7 852
7 853
7 854
7 855
7 856
7 857
7 858
7 859
7 860
7 861
7 862
7 863
7 864
7 865
7 866
7 867
7 868
7 869
7 870
7 871
7 872
7 873
7 874
7 875
7 876
7 877
7 878
7 879
7 880
7 881
7 882
7 883
7 884
7 885
7 886
7 887
7 888
7 889
7 890
7 891
7 892
7 893
7 894
7 895
7 896
7 897
7 898
7 899
7 900
7 901
7 902
7 903
7 904
7 905
7 906
7 907
7 908
7 909
7 910
7 911
7 912
7 913
7 914
7 915
7 916
7 917
7 918
7 919
7 920
7 921
7 922
7 923
7 924
7 925
7 926
7 927
7 928
7 929
7 930
7 931
7 932
7 933
7 934
7 935
7 936
7 937
7 938
7 939
7 940
7 941
7 942
7 943
7 944
7 945
7 946
7 947
7 948
7 949
7 950
7 951
7 952
7 953
7 954
7 955
7 956
7 957
7 958
7 959
7 960
7 961
7 962
7 963
7 964
7 965
7 966
7 967
7 968
7 969
7 970
7 971
7 972
7 973
7 974
7 975
7 976
7 977
7 978
7 979
7 980
7 981
7 982
7 983
7 984
7 985
7 986
7 987
7 988
7 989
7 990
7 991
7 992
7 993
7 994
7 995
7 996
7 997
7 998
7 999
7 1000
7 1001
7 1002
7 1003
7 1004
7 1005
7 1006
7 1007
7 1008
7 1009
7 1010
7 1011
7 1012
7 1013
7 1014
7 1015
7 1016
7 1017
7 1018
7 1019
7 1020
7 1021
7 1022
7 1023
7 1024
7 1025
7 1026
7 1027
7 1028
7 1029
7 1030
7 1031
7 1032
7 1033
7 1034
7 1035
7 1036
7 1037
7 1038
7 1039
7 1040
7 1041
7 1042
7 1043
7 1044
7 1045
7 1046
7 1047
7 1048
7 1049
7 1050
7 1051
7 1052
7 1053
7 1054
7 1055
7 1056
7 1057
7 1058
7 1059
7 1060
7 1061
7 1062
7 1063
7 1064
7 1065
7 1066
7 1067
7 1068
7 1069
7 1070
7 1071
7 1072
7 1073
7 1074
7 1075
7 1076
7 1077
7 1078
7 1079
7 1080
7 1081
7 1082
7 1083
7 1084
7 1085
7 1086
7 1087
7 1088
7 1089
7 1090
7 1091
7 1092
7 1093
7 1094
7 1095
7 1096
7 1097
7 1098
7 1099
