8 0
8 1
8 2
8 3
8 4
8 5
8 6
8 7
8 8
8 9
8 10
8 11
8 12
8 13
8 14
8 15
8 16
8 17
8 18
8 19
8 20
8 21
8 22
8 23
8 24
8 25
8 26
8 27
8 28
8 29
8 30
8 31
8 32
8 33
8 34
8 35
8 36
8 37
8 38
8 39
8 40
8 41
8 42
8 43
8 44
8 45
8 46
8 47
8 48
8 49
8 50
8 51
8 52
8 53
8 54
8 55
8 56
8 57
8 58
8 59
8 60
8 61
8 62
8 63
8 64
8 65
8 66
8 67
8 68
8 69
8 70
8 71
8 72
8 73
8 74
8 75
8 76
8 77
8 78
8 79
8 80
8 81
8 82
8 83
8 84
8 85
8 86
8 87
8 88
8 89
8 90
8 91
8 92
8 93
8 94
8 95
8 96
8 97
8 98
8 99
8 100
8 101
8 102
8 103
8 104
8 105
8 106
8 107
8 108
8 109
8 110
8 111
8 112
8 113
8 114
8 115
8 116
8 117
8 118
8 119
8 120
8 121
8 122
8 123
8 124
8 125
8 126
8 127
8 128
8 129
8 130
8 131
8 132
8 133
8 134
8 135
8 136
8 137
8 138
8 139
8 140
8 141
8 142
8 143
8 144
8 145
8 146
8 147
8 148
8 149
8 150
8 151
8 152
8 153
8 154
8 155
8 156
8 157
8 158
8 159
8 160
8 161
8 162
8 163
8 164
8 165
8 166
8 167
8 168
8 169
8 170
8 171
8 172
8 173
8 174
8 175
8 176
8 177
8 178
8 179
8 180
8 181
8 182
8 183
8 184
8 185
8 186
8 187
8 188
8 189
8 190
8 191
8 192
8 193
8 194
8 195
8 196
8 197
8 198
8 199
8 200
8 201
8 202
8 203
8 204
8 205
8 206
8 207
8 208
8 209
8 210
8 211
8 212
8 213
8 214
8 215
8 216
8 217
8 218
8 219
8 220
8 221
8 222
8 223
8 224
8 225
8 226
8 227
8 228
8 229
8 230
8 231
8 232
8 233
8 234
8 235
8 236
8 237
8 238
8 239
8 240
8 241
8 242
8 243
8 244
8 245
8 246
8 247
8 248
8 249
8 250
8 251
8 252
8 253
8 254
8 255
8 256
8 257
8 258
8 259
8 260
8 261
8 262
8 263
8 264
8 265
8 266
8 267
8 268
8 269
8 270
8 271
8 272
8 273
8 274
8 275
8 276
8 277
8 278
8 279
8 280
8 281
8 282
8 283
8 284
8 285
8 286
8 287
8 288
8 289
8 290
8 291
8 292
8 293
8 294
8 295
8 296
8 297
8 298
8 299
8 300
8 301
8 302
8 303
8 304
8 305
8 306
8 307
8 308
8 309
8 310
8 311
8 312
8 313
8 314
8 315
8 316
8 317
8 318
8 319
8 320
8 321
8 322
8 323
8 324
8 325
8 326
8 327
8 328
8 329
8 330
8 331
8 332
8 333
8 334
8 335
8 336
8 337
8 338
8 339
8 340
8 341
8 342
8 343
8 344
8 345
8 346
8 347
8 348
8 349
8 350
8 351
8 352
8 353
8 354
8 355
8 356
8 357
8 358
8 359
8 360
8 361
8 362
8 363
8 364
8 365
8 366
8 367
8 368
8 369
8 370
8 371
8 372
8 373
8 374
8 375
8 376
8 377
8 378
8 379
8 380
8 381
8 382
8 383
8 384
8 385
8 386
8 387
8 388
8 389
8 390
8 391
8 392
8 393
8 394
8 395
8 396
8 397
8 398
8 399
8 400
8 401
8 402
8 403
8 404
8 405
8 406
8 407
8 408
8 409
8 410
8 411
8 412
8 413
8 414
8 415
8 416
8 417
8 418
8 419
8 420
8 421
8 422
8 423
8 424
8 425
8 426
8 427
8 428
8 429
8 430
8 431
8 432
8 433
8 434
8 435
8 436
8 437
8 438
8 439
8 440
8 441
8 442
8 443
8 444
8 445
8 446
8 447
8 448
8 449
8 450
8 451
8 452
8 453
8 454
8 455
8 456
8 457
8 458
8 459
8 460
8 461
8 462
8 463
8 464
8 465
8 466
8 467
8 468
8 469
8 470
8 471
8 472
8 473
8 474
8 475
8 476
8 477
8 478
8 479
8 480
8 481
8 482
8 483
8 484
8 485
8 486
8 487
8 488
8 489
8 490
8 491
8 492
8 493
8 494
8 495
8 496
8 497
8 498
8 499
8 500
8 501
8 502
8 503
8 504
8 505
8 506
8 507
8 508
8 509
8 510
8 511
8 512
8 513
8 514
8 515
8 516
8 517
8 518
8 519
8 520
8 521
8 522
8 523
8 524
8 525
8 526
8 527
8 528
8 529
8 530
8 531
8 532
8 533
8 534
8 535
8 536
8 537
8 538
8 539
8 540
8 541
8 542
8 543
8 544
8 545
8 546
8 547
8 548
8 549
8 550
8 551
8 552
8 553
8 554
8 555
8 556
8 557
8 558
8 559
8 560
8 561
8 562
8 563
8 564
8 565
8 566
8 567
8 568
8 569
8 570
8 571
8 572
8 573
8 574
8 575
8 576
8 577
8 578
8 579
8 580
8 581
8 582
8 583
8 584
8 585
8 586
8 587
8 588
8 589
8 590
8 591
8 592
8 593
8 594
8 595
8 596
8 597
8 598
8 599
8 600
8 601
8 602
8 603
8 604
8 605
8 606
8 607
8 608
8 609
8 610
8 611
8 612
8 613
8 614
8 615
8 616
8 617
8 618
8 619
8 620
8 621
8 622
8 623
8 624
8 625
8 626
8 627
8 628
8 629
8 630
8 631
8 632
8 633
8 634
8 635
8 636
8 637
8 638
8 639
8 640
8 641
8 642
8 643
8 644
8 645
8 646
8 647
8 648
8 649
8 650
8 651
8 652
8 653
8 654
8 655
8 656
8 657
8 658
8 659
8 660
8 661
8 662
8 663
8 664
8 665
8 666
8 667
8 668
8 669
8 670
8 671
8 672
8 673
8 674
8 675
8 676
8 677
8 678
8 679
8 680
8 681
8 682
8 683
8 684
8 685
8 686
8 687
8 688
8 689
8 690
8 691
8 692
8 693
8 694
8 695
8 696
8 697
8 698
8 699
8 700
8 701
8 702
8 703
8 704
8 705
8 706
8 707
8 708
8 709
8 710
8 711
8 712
8 713
8 714
8 715
8 716
8 717
8 718
8 719
8 720
8 721
8 722
8 723
8 724
8 725
8 726
8 727
8 728
8 729
8 730
8 731
8 732
8 733
8 734
8 735
8 736
8 737
8 738
8 739
8 740
8 741
8 742
8 743
8 744
8 745
8 746
8 747
8 748
8 749
8 750
8 751
8 752
8 753
8 754
8 755
8 756
8 757
8 758
8 759
8 760
8 761
8 762
8 763
8 764
8 765
8 766
8 767
8 768
8 769
8 770
8 771
8 772
8 773
8 774
8 775
8 776
8 777
8 778
8 779
8 780
8 781
8 782
8 783
8 784
8 785
8 786
8 787
8 788
8 789
8 790
8 791
8 792
8 793
8 794
8 795
8 796
8 797
8 798
8 799
8 800
8 801
8 802
8 803
8 804
8 805
8 806
8 807
8 808
8 809
8 810
8 811
8 812
8 813
8 814
8 815
8 816
8 817
8 818
8 819
8 820
8 821
8 822
8 823
8 824
8 825
8 826
8 827
8 828
8 829
8 830
8 831
8 832
8 833
8 834
8 835
8 836
8 837
8 838
8 839
8 840
8 841
8 842
8 843
8 844
8 845
8 846
8 847
8 848
8 849
8 850
8 851
8 852
8 853
8 854
8 855
8 856
8 857
8 858
8 859
8 860
8 861
8 862
8 863
8 864
8 865
8 866
8 867
8 868
8 869
8 870
8 871
8 872
8 873
8 874
8 875
8 876
8 877
8 878
8 879
8 880
8 881
8 882
8 883
8 884
8 885
8 886
8 887
8 888
8 889
8 890
8 891
8 892
8 893
8 894
8 895
8 896
8 897
8 898
8 899
8 900
8 901
8 902
8 903
8 904
8 905
8 906
8 907
8 908
8 909
8 910
8 911
8 912
8 913
8 914
8 915
8 916
8 917
8 918
8 919
8 920
8 921
8 922
8 923
8 924
8 925
8 926
8 927
8 928
8 929
8 930
8 931
8 932
8 933
8 934
8 935
8 936
8 937
8 938
8 939
8 940
8 941
8 942
8 943
8 944
8 945
8 946
8 947
8 948
8 949
8 950
8 951
8 952
8 953
8 954
8 955
8 956
8 957
8 958
8 959
8 960
8 961
8 962
8 963
8 964
8 965
8 966
8 967
8 968
8 969
8 970
8 971
8 972
8 973
8 974
8 975
8 976
8 977
8 978
8 979
8 980
8 981
8 982
8 983
8 984
8 985
8 986
8 987
8 988
8 989
8 990
8 991
8 992
8 993
8 994
8 995
8 996
8 997
8 998
8 999
8 1000
8 1001
8 1002
8 1003
8 1004
8 1005
8 1006
8 1007
8 1008
8 1009
8 1010
8 1011
8 1012
8 1013
8 1014
8 1015
8 1016
8 1017
8 1018
8 1019
8 1020
8 1021
8 1022
8 1023
8 1024
8 1025
8 1026
8 1027
8 1028
8 1029
8 1030
8 1031
8 1032
8 1033
8 1034
8 1035
8 1036
8 1037
8 1038
8 1039
8 1040
8 1041
8 1042
8 1043
8 1044
8 1045
8 1046
8 1047
8 1048
8 1049
8 1050
8 1051
8 1052
8 1053
8 1054
8 1055
8 1056
8 1057
8 1058
8 1059
8 1060
8 1061
8 1062
8 1063
8 1064
8 1065
8 1066
8 1067
8 1068
8 1069
8 1070
8 1071
8 1072
8 1073
8 1074
8 1075
8 1076
8 1077
8 1078
8 1079
8 1080
8 1081
8 1082
8 1083
8 1084
8 1085
8 1086
8 1087
8 1088
8 1089
8 1090
8 1091
8 1092
8 1093
8 1094
8 1095
8 1096
8 1097
8 1098
8 1099
8 1100
8 1101
8 1102
8 1103
8 1104
8 1105
8 1106
8 1107
8 1108
8 1109
8 1110
8 1111
8 1112
8 1113
8 1114
8 1115
8 1116
8 1117
8 1118
8 1119
8 1120
8 1121
8 1122
8 1123
8 1124
8 1125
8 1126
8 1127
8 1128
8 1129
8 1130
8 1131
8 1132
8 1133
8 1134
8 1135
8 1136
8 1137
8 1138
8 1139
8 1140
8 1141
8 1142
8 1143
8 1144
8 1145
8 1146
8 1147
8 1148
8 1149
8 1150
8 1151
8 1152
8 1153
8 1154
8 1155
8 1156
8 1157
8 1158
8 1159
8 1160
8 1161
8 1162
8 1163
8 1164
8 1165
8 1166
8 1167
8 1168
8 1169
8 1170
8 1171
8 1172
8 1173
8 1174
8 1175
8 1176
8 1177
8 1178
8 1179
8 1180
8 1181
8 1182
8 1183
8 1184
8 1185
8 1186
8 1187
8 1188
8 1189
8 1190
8 1191
8 1192
8 1193
8 1194
8 1195
8 1196
8 1197
8 1198
8 1199
8 1200
8 1201
8 1202
8 1203
8 1204
8 1205
8 1206
8 1207
8 1208
8 1209
8 1210
8 1211
8 1212
8 1213
8 1214
8 1215
8 1216
8 1217
8 1218
8 1219
8 1220
8 1221
8 1222
8 1223
8 1224
8 1225
8 1226
8 1227
8 1228
8 1229
8 1230
8 1231
8 1232
8 1233
8 1234
8 1235
8 1236
8 1237
8 1238
8 1239
8 1240
8 1241
8 1242
8 1243
8 1244
8 1245
8 1246
8 1247
8 1248
8 1249
8 1250
8 1251
8 1252
8 1253
8 1254
8 1255
8 1256
8 1257
8 1258
8 1259
8 1260
8 1261
8 1262
8 1263
8 1264
8 1265
8 1266
8 1267
8 1268
8 1269
8 1270
8 1271
8 1272
8 1273
8 1274
8 1275
8 1276
8 1277
8 1278
8 1279
8 1280
8 1281
8 1282
8 1283
8 1284
8 1285
8 1286
8 1287
8 1288
8 1289
8 1290
8 1291
8 1292
8 1293
8 1294
8 1295
8 1296
8 1297
8 1298
8 1299
8 1300
8 1301
8 1302
8 1303
8 1304
8 1305
8 1306
8 1307
8 1308
8 1309
8 1310
8 1311
8 1312
8 1313
8 1314
8 1315
8 1316
8 1317
8 1318
8 1319
8 1320
8 1321
8 1322
8 1323
8 1324
8 1325
8 1326
8 1327
8 1328
8 1329
8 1330
8 1331
8 1332
8 1333
8 1334
8 1335
8 1336
8 1337
8 1338
8 1339
8 1340
8 1341
8 1342
8 1343
8 1344
8 1345
8 1346
8 1347
8 1348
8 1349
8 1350
8 1351
8 1352
8 1353
8 1354
8 1355
8 1356
8 1357
8 1358
8 1359
8 1360
8 1361
8 1362
8 1363
8 1364
8 1365
8 1366
8 1367
8 1368
8 1369
8 1370
8 1371
8 1372
8 1373
8 1374
8 1375
8 1376
8 1377
8 1378
8 1379
8 1380
8 1381
8 1382
8 1383
8 1384
8 1385
8 1386
8 1387
8 1388
8 1389
8 1390
8 1391
8 1392
8 1393
8 1394
8 1395
8 1396
8 1397
8 1398
8 1399
8 1400
8 1401
8 1402
8 1403
8 1404
8 1405
8 1406
8 1407
8 1408
8 1409
8 1410
8 1411
8 1412
8 1413
8 1414
8 1415
8 1416
8 1417
8 1418
8 1419
8 1420
8 1421
8 1422
8 1423
8 1424
8 1425
8 1426
8 1427
8 1428
8 1429
8 1430
8 1431
8 1432
8 1433
8 1434
8 1435
8 1436
8 1437
8 1438
8 1439
8 1440
8 1441
8 1442
8 1443
8 1444
8 1445
8 1446
8 1447
8 1448
8 1449
8 1450
8 1451
8 1452
8 1453
8 1454
8 1455
8 1456
8 1457
8 1458
8 1459
8 1460
8 1461
8 1462
8 1463
8 1464
8 1465
8 1466
8 1467
8 1468
8 1469
8 1470
8 1471
8 1472
8 1473
8 1474
8 1475
8 1476
8 1477
8 1478
8 1479
8 1480
8 1481
8 1482
8 1483
8 1484
8 1485
8 1486
8 1487
8 1488
8 1489
8 1490
8 1491
8 1492
8 1493
8 1494
8 1495
8 1496
8 1497
8 1498
8 1499
8 1500
8 1501
8 1502
8 1503
8 1504
8 1505
8 1506
8 1507
8 1508
8 1509
8 1510
8 1511
8 1512
8 1513
8 1514
8 1515
8 1516
8 1517
8 1518
8 1519
8 1520
8 1521
8 1522
8 1523
8 1524
8 1525
8 1526
8 1527
8 1528
8 1529
8 1530
8 1531
8 1532
8 1533
8 1534
8 1535
8 1536
8 1537
8 1538
8 1539
8 1540
8 1541
8 1542
8 1543
8 1544
8 1545
8 1546
8 1547
8 1548
8 1549
8 1550
8 1551
8 1552
8 1553
8 1554
8 1555
8 1556
8 1557
8 1558
8 1559
8 1560
8 1561
8 1562
8 1563
8 1564
8 1565
8 1566
8 1567
8 1568
8 1569
8 1570
8 1571
8 1572
8 1573
8 1574
8 1575
8 1576
8 1577
8 1578
8 1579
8 1580
8 1581
8 1582
8 1583
8 1584
8 1585
8 1586
8 1587
8 1588
8 1589
8 1590
8 1591
8 1592
8 1593
8 1594
8 1595
8 1596
8 1597
8 1598
8 1599
8 1600
8 1601
8 1602
8 1603
8 1604
8 1605
8 1606
8 1607
8 1608
8 1609
8 1610
8 1611
8 1612
8 1613
8 1614
8 1615
8 1616
8 1617
8 1618
8 1619
8 1620
8 1621
8 1622
8 1623
8 1624
8 1625
8 1626
8 1627
8 1628
8 1629
8 1630
8 1631
8 1632
8 1633
8 1634
8 1635
8 1636
8 1637
8 1638
8 1639
8 1640
8 1641
8 1642
8 1643
8 1644
8 1645
8 1646
8 1647
8 1648
8 1649
8 1650
8 1651
8 1652
8 1653
8 1654
8 1655
8 1656
8 1657
8 1658
8 1659
8 1660
8 1661
8 1662
8 1663
8 1664
8 1665
8 1666
8 1667
8 1668
8 1669
8 1670
8 1671
8 1672
8 1673
8 1674
8 1675
8 1676
8 1677
8 1678
8 1679
8 1680
8 1681
8 1682
8 1683
8 1684
8 1685
8 1686
8 1687
8 1688
8 1689
8 1690
8 1691
8 1692
8 1693
8 1694
8 1695
8 1696
8 1697
8 1698
8 1699
8 1700
8 1701
8 1702
8 1703
8 1704
8 1705
8 1706
8 1707
8 1708
8 1709
8 1710
8 1711
8 1712
8 1713
8 1714
8 1715
8 1716
8 1717
8 1718
8 1719
8 1720
8 1721
8 1722
8 1723
8 1724
8 1725
8 1726
8 1727
8 1728
8 1729
8 1730
8 1731
8 1732
8 1733
8 1734
8 1735
8 1736
8 1737
8 1738
8 1739
8 1740
8 1741
8 1742
8 1743
8 1744
8 1745
8 1746
8 1747
8 1748
8 1749
8 1750
8 1751
8 1752
8 1753
8 1754
8 1755
8 1756
8 1757
8 1758
8 1759
8 1760
8 1761
8 1762
8 1763
8 1764
8 1765
8 1766
8 1767
8 1768
8 1769
8 1770
8 1771
8 1772
8 1773
8 1774
8 1775
8 1776
8 1777
8 1778
8 1779
8 1780
8 1781
8 1782
8 1783
8 1784
8 1785
8 1786
8 1787
8 1788
8 1789
8 1790
8 1791
8 1792
8 1793
8 1794
8 1795
8 1796
8 1797
8 1798
8 1799
8 1800
8 1801
8 1802
8 1803
8 1804
8 1805
8 1806
8 1807
8 1808
8 1809
8 1810
8 1811
8 1812
8 1813
8 1814
8 1815
8 1816
8 1817
8 1818
8 1819
8 1820
8 1821
8 1822
8 1823
8 1824
8 1825
8 1826
8 1827
8 1828
8 1829
8 1830
8 1831
8 1832
8 1833
8 1834
8 1835
8 1836
8 1837
8 1838
8 1839
8 1840
8 1841
8 1842
8 1843
8 1844
8 1845
8 1846
8 1847
8 1848
8 1849
8 1850
8 1851
8 1852
8 1853
8 1854
8 1855
8 1856
8 1857
8 1858
8 1859
8 1860
8 1861
8 1862
8 1863
8 1864
8 1865
8 1866
8 1867
8 1868
8 1869
8 1870
8 1871
8 1872
8 1873
8 1874
8 1875
8 1876
8 1877
8 1878
8 1879
8 1880
8 1881
8 1882
8 1883
8 1884
8 1885
8 1886
8 1887
8 1888
8 1889
8 1890
8 1891
8 1892
8 1893
8 1894
8 1895
8 1896
8 1897
8 1898
8 1899
8 1900
8 1901
8 1902
8 1903
8 1904
8 1905
8 1906
8 1907
8 1908
8 1909
8 1910
8 1911
8 1912
8 1913
8 1914
8 1915
8 1916
8 1917
8 1918
8 1919
8 1920
8 1921
8 1922
8 1923
8 1924
8 1925
8 1926
8 1927
8 1928
8 1929
8 1930
8 1931
8 1932
8 1933
8 1934
8 1935
8 1936
8 1937
8 1938
8 1939
8 1940
8 1941
8 1942
8 1943
8 1944
8 1945
8 1946
8 1947
8 1948
8 1949
8 1950
8 1951
8 1952
8 1953
8 1954
8 1955
8 1956
8 1957
8 1958
8 1959
8 1960
8 1961
8 1962
8 1963
8 1964
8 1965
8 1966
8 1967
8 1968
8 1969
8 1970
8 1971
8 1972
8 1973
8 1974
8 1975
8 1976
8 1977
8 1978
8 1979
8 1980
8 1981
8 1982
8 1983
8 1984
8 1985
8 1986
8 1987
8 1988
8 1989
8 1990
8 1991
8 1992
8 1993
8 1994
8 1995
8 1996
8 1997
8 1998
8 1999
8 2000
8 2001
8 2002
8 2003
8 2004
8 2005
8 2006
8 2007
8 2008
8 2009
8 2010
8 2011
8 2012
8 2013
8 2014
8 2015
8 2016
8 2017
8 2018
8 2019
8 2020
8 2021
8 2022
8 2023
8 2024
8 2025
8 2026
8 2027
8 2028
8 2029
8 2030
8 2031
8 2032
8 2033
8 2034
8 2035
8 2036
8 2037
8 2038
8 2039
8 2040
8 2041
8 2042
8 2043
8 2044
8 2045
8 2046
8 2047
8 2048
8 2049
8 2050
8 2051
8 2052
8 2053
8 2054
8 2055
8 2056
8 2057
8 2058
8 2059
8 2060
8 2061
8 2062
8 2063
8 2064
8 2065
8 2066
8 2067
8 2068
8 2069
8 2070
8 2071
8 2072
8 2073
8 2074
8 2075
8 2076
8 2077
8 2078
8 2079
8 2080
8 2081
8 2082
8 2083
8 2084
8 2085
8 2086
8 2087
8 2088
8 2089
8 2090
8 2091
8 2092
8 2093
8 2094
8 2095
8 2096
8 2097
8 2098
8 2099
8 2100
8 2101
8 2102
8 2103
8 2104
8 2105
8 2106
8 2107
8 2108
8 2109
8 2110
8 2111
8 2112
8 2113
8 2114
8 2115
8 2116
8 2117
8 2118
8 2119
8 2120
8 2121
8 2122
8 2123
8 2124
8 2125
8 2126
8 2127
8 2128
8 2129
8 2130
8 2131
8 2132
8 2133
8 2134
8 2135
8 2136
8 2137
8 2138
8 2139
8 2140
8 2141
8 2142
8 2143
8 2144
8 2145
8 2146
8 2147
8 2148
8 2149
8 2150
8 2151
8 2152
8 2153
8 2154
8 2155
8 2156
8 2157
8 2158
8 2159
8 2160
8 2161
8 2162
8 2163
8 2164
8 2165
8 2166
8 2167
8 2168
8 2169
8 2170
8 2171
8 2172
8 2173
8 2174
8 2175
8 2176
8 2177
8 2178
8 2179
8 2180
8 2181
8 2182
8 2183
8 2184
8 2185
8 2186
8 2187
8 2188
8 2189
8 2190
8 2191
8 2192
8 2193
8 2194
8 2195
8 2196
8 2197
8 2198
8 2199
8 2200
8 2201
8 2202
8 2203
8 2204
8 2205
8 2206
8 2207
8 2208
8 2209
8 2210
8 2211
8 2212
8 2213
8 2214
8 2215
8 2216
8 2217
8 2218
8 2219
8 2220
8 2221
8 2222
8 2223
8 2224
8 2225
8 2226
8 2227
8 2228
8 2229
8 2230
8 2231
8 2232
8 2233
8 2234
8 2235
8 2236
8 2237
8 2238
8 2239
8 2240
8 2241
8 2242
8 2243
8 2244
8 2245
8 2246
8 2247
8 2248
8 2249
8 2250
8 2251
8 2252
8 2253
8 2254
8 2255
8 2256
8 2257
8 2258
8 2259
8 2260
8 2261
8 2262
8 2263
8 2264
8 2265
8 2266
8 2267
8 2268
8 2269
8 2270
8 2271
8 2272
8 2273
8 2274
8 2275
8 2276
8 2277
8 2278
8 2279
8 2280
8 2281
8 2282
8 2283
8 2284
8 2285
8 2286
8 2287
8 2288
8 2289
8 2290
8 2291
8 2292
8 2293
8 2294
8 2295
8 2296
8 2297
8 2298
8 2299
8 2300
8 2301
8 2302
8 2303
8 2304
8 2305
8 2306
8 2307
8 2308
8 2309
8 2310
8 2311
8 2312
8 2313
8 2314
8 2315
8 2316
8 2317
8 2318
8 2319
8 2320
8 2321
8 2322
8 2323
8 2324
8 2325
8 2326
8 2327
8 2328
8 2329
8 2330
8 2331
8 2332
8 2333
8 2334
8 2335
8 2336
8 2337
8 2338
8 2339
8 2340
8 2341
8 2342
8 2343
8 2344
8 2345
8 2346
8 2347
8 2348
8 2349
8 2350
8 2351
8 2352
8 2353
8 2354
8 2355
8 2356
8 2357
8 2358
8 2359
8 2360
8 2361
8 2362
8 2363
8 2364
8 2365
8 2366
8 2367
8 2368
8 2369
8 2370
8 2371
8 2372
8 2373
8 2374
8 2375
8 2376
8 2377
8 2378
8 2379
8 2380
8 2381
8 2382
8 2383
8 2384
8 2385
8 2386
8 2387
8 2388
8 2389
8 2390
8 2391
8 2392
8 2393
8 2394
8 2395
8 2396
8 2397
8 2398
8 2399
8 2400
8 2401
8 2402
8 2403
8 2404
8 2405
8 2406
8 2407
8 2408
8 2409
8 2410
8 2411
8 2412
8 2413
8 2414
8 2415
8 2416
8 2417
8 2418
8 2419
8 2420
8 2421
8 2422
8 2423
8 2424
8 2425
8 2426
8 2427
8 2428
8 2429
8 2430
8 2431
8 2432
8 2433
8 2434
8 2435
8 2436
8 2437
8 2438
8 2439
8 2440
8 2441
8 2442
8 2443
8 2444
8 2445
8 2446
8 2447
8 2448
8 2449
8 2450
8 2451
8 2452
8 2453
8 2454
8 2455
8 2456
8 2457
8 2458
8 2459
8 2460
8 2461
8 2462
8 2463
8 2464
8 2465
8 2466
8 2467
8 2468
8 2469
8 2470
8 2471
8 2472
8 2473
8 2474
8 2475
8 2476
8 2477
8 2478
8 2479
8 2480
8 2481
8 2482
8 2483
8 2484
8 2485
8 2486
8 2487
8 2488
8 2489
8 2490
8 2491
8 2492
8 2493
8 2494
8 2495
8 2496
8 2497
8 2498
8 2499
8 2500
8 2501
8 2502
8 2503
8 2504
8 2505
8 2506
8 2507
8 2508
8 2509
8 2510
8 2511
8 2512
8 2513
8 2514
8 2515
8 2516
8 2517
8 2518
8 2519
8 2520
8 2521
8 2522
8 2523
8 2524
8 2525
8 2526
8 2527
8 2528
8 2529
8 2530
8 2531
8 2532
8 2533
8 2534
8 2535
8 2536
8 2537
8 2538
8 2539
8 2540
8 2541
8 2542
8 2543
8 2544
8 2545
8 2546
8 2547
8 2548
8 2549
8 2550
8 2551
8 2552
8 2553
8 2554
8 2555
8 2556
8 2557
8 2558
8 2559
8 2560
8 2561
8 2562
8 2563
8 2564
8 2565
8 2566
8 2567
8 2568
8 2569
8 2570
8 2571
8 2572
8 2573
8 2574
8 2575
8 2576
8 2577
8 2578
8 2579
8 2580
8 2581
8 2582
8 2583
8 2584
8 2585
8 2586
8 2587
8 2588
8 2589
8 2590
8 2591
8 2592
8 2593
8 2594
8 2595
8 2596
8 2597
8 2598
8 2599
8 2600
8 2601
8 2602
8 2603
8 2604
8 2605
8 2606
8 2607
8 2608
8 2609
8 2610
8 2611
8 2612
8 2613
8 2614
8 2615
8 2616
8 2617
8 2618
8 2619
8 2620
8 2621
8 2622
8 2623
8 2624
8 2625
8 2626
8 2627
8 2628
8 2629
8 2630
8 2631
8 2632
8 2633
8 2634
8 2635
8 2636
8 2637
8 2638
8 2639
8 2640
8 2641
8 2642
8 2643
8 2644
8 2645
8 2646
8 2647
8 2648
8 2649
8 2650
8 2651
8 2652
8 2653
8 2654
8 2655
8 2656
8 2657
8 2658
8 2659
8 2660
8 2661
8 2662
8 2663
8 2664
8 2665
8 2666
8 2667
8 2668
8 2669
8 2670
8 2671
8 2672
8 2673
8 2674
8 2675
8 2676
8 2677
8 2678
8 2679
8 2680
8 2681
8 2682
8 2683
8 2684
8 2685
8 2686
8 2687
8 2688
8 2689
8 2690
8 2691
8 2692
8 2693
8 2694
8 2695
8 2696
8 2697
8 2698
8 2699
8 2700
8 2701
8 2702
8 2703
8 2704
8 2705
8 2706
8 2707
8 2708
8 2709
8 2710
8 2711
8 2712
8 2713
8 2714
8 2715
8 2716
8 2717
8 2718
8 2719
8 2720
8 2721
8 2722
8 2723
8 2724
8 2725
8 2726
8 2727
8 2728
8 2729
8 2730
8 2731
8 2732
8 2733
8 2734
8 2735
8 2736
8 2737
8 2738
8 2739
8 2740
8 2741
8 2742
8 2743
8 2744
8 2745
8 2746
8 2747
8 2748
8 2749
8 2750
8 2751
8 2752
8 2753
8 2754
8 2755
8 2756
8 2757
8 2758
8 2759
8 2760
8 2761
8 2762
8 2763
8 2764
8 2765
8 2766
8 2767
8 2768
8 2769
8 2770
8 2771
8 2772
8 2773
8 2774
8 2775
8 2776
8 2777
8 2778
8 2779
8 2780
8 2781
8 2782
8 2783
8 2784
8 2785
8 2786
8 2787
8 2788
8 2789
8 2790
8 2791
8 2792
8 2793
8 2794
8 2795
8 2796
8 2797
8 2798
8 2799
8 2800
8 2801
8 2802
8 2803
8 2804
8 2805
8 2806
8 2807
8 2808
8 2809
8 2810
8 2811
8 2812
8 2813
8 2814
8 2815
8 2816
8 2817
8 2818
8 2819
8 2820
8 2821
8 2822
8 2823
8 2824
8 2825
8 2826
8 2827
8 2828
8 2829
8 2830
8 2831
8 2832
8 2833
8 2834
8 2835
8 2836
8 2837
8 2838
8 2839
8 2840
8 2841
8 2842
8 2843
8 2844
8 2845
8 2846
8 2847
8 2848
8 2849
8 2850
8 2851
8 2852
8 2853
8 2854
8 2855
8 2856
8 2857
8 2858
8 2859
8 2860
8 2861
8 2862
8 2863
8 2864
8 2865
8 2866
8 2867
8 2868
8 2869
8 2870
8 2871
8 2872
8 2873
8 2874
8 2875
8 2876
8 2877
8 2878
8 2879
8 2880
8 2881
8 2882
8 2883
8 2884
8 2885
8 2886
8 2887
8 2888
8 2889
8 2890
8 2891
8 2892
8 2893
8 2894
8 2895
8 2896
8 2897
8 2898
8 2899
8 2900
8 2901
8 2902
8 2903
8 2904
8 2905
8 2906
8 2907
8 2908
8 2909
8 2910
8 2911
8 2912
8 2913
8 2914
8 2915
8 2916
8 2917
8 2918
8 2919
8 2920
8 2921
8 2922
8 2923
8 2924
8 2925
8 2926
8 2927
8 2928
8 2929
8 2930
8 2931
8 2932
8 2933
8 2934
8 2935
8 2936
8 2937
8 2938
8 2939
8 2940
8 2941
8 2942
8 2943
8 2944
8 2945
8 2946
8 2947
8 2948
8 2949
8 2950
8 2951
8 2952
8 2953
8 2954
8 2955
8 2956
8 2957
8 2958
8 2959
8 2960
8 2961
8 2962
8 2963
8 2964
8 2965
8 2966
8 2967
8 2968
8 2969
8 2970
8 2971
8 2972
8 2973
8 2974
8 2975
8 2976
8 2977
8 2978
8 2979
8 2980
8 2981
8 2982
8 2983
8 2984
8 2985
8 2986
8 2987
8 2988
8 2989
8 2990
8 2991
8 2992
8 2993
8 2994
8 2995
8 2996
8 2997
8 2998
8 2999
8 3000
8 3001
8 3002
8 3003
8 3004
8 3005
8 3006
8 3007
8 3008
8 3009
8 3010
8 3011
8 3012
8 3013
8 3014
8 3015
8 3016
8 3017
8 3018
8 3019
8 3020
8 3021
8 3022
8 3023
8 3024
8 3025
8 3026
8 3027
8 3028
8 3029
8 3030
8 3031
8 3032
8 3033
8 3034
8 3035
8 3036
8 3037
8 3038
8 3039
8 3040
8 3041
8 3042
8 3043
8 3044
8 3045
8 3046
8 3047
8 3048
8 3049
8 3050
8 3051
8 3052
8 3053
8 3054
8 3055
8 3056
8 3057
8 3058
8 3059
8 3060
8 3061
8 3062
8 3063
8 3064
8 3065
8 3066
8 3067
8 3068
8 3069
8 3070
8 3071
8 3072
8 3073
8 3074
8 3075
8 3076
8 3077
8 3078
8 3079
8 3080
8 3081
8 3082
8 3083
8 3084
8 3085
8 3086
8 3087
8 3088
8 3089
8 3090
8 3091
8 3092
8 3093
8 3094
8 3095
8 3096
8 3097
8 3098
8 3099
8 3100
8 3101
8 3102
8 3103
8 3104
8 3105
8 3106
8 3107
8 3108
8 3109
8 3110
8 3111
8 3112
8 3113
8 3114
8 3115
8 3116
8 3117
8 3118
8 3119
8 3120
8 3121
8 3122
8 3123
8 3124
8 3125
8 3126
8 3127
8 3128
8 3129
8 3130
8 3131
8 3132
8 3133
8 3134
8 3135
8 3136
8 3137
8 3138
8 3139
8 3140
8 3141
8 3142
8 3143
8 3144
8 3145
8 3146
8 3147
8 3148
8 3149
8 3150
8 3151
8 3152
8 3153
8 3154
8 3155
8 3156
8 3157
8 3158
8 3159
8 3160
8 3161
8 3162
8 3163
8 3164
8 3165
8 3166
8 3167
8 3168
8 3169
8 3170
8 3171
8 3172
8 3173
8 3174
8 3175
8 3176
8 3177
8 3178
8 3179
8 3180
8 3181
8 3182
8 3183
8 3184
8 3185
8 3186
8 3187
8 3188
8 3189
8 3190
8 3191
8 3192
8 3193
8 3194
8 3195
8 3196
8 3197
8 3198
8 3199
8 3200
8 3201
8 3202
8 3203
8 3204
8 3205
8 3206
8 3207
8 3208
8 3209
8 3210
8 3211
8 3212
8 3213
8 3214
8 3215
8 3216
8 3217
8 3218
8 3219
8 3220
8 3221
8 3222
8 3223
8 3224
8 3225
8 3226
8 3227
8 3228
8 3229
8 3230
8 3231
8 3232
8 3233
8 3234
8 3235
8 3236
8 3237
8 3238
8 3239
8 3240
8 3241
8 3242
8 3243
8 3244
8 3245
8 3246
8 3247
8 3248
8 3249
8 3250
8 3251
8 3252
8 3253
8 3254
8 3255
8 3256
8 3257
8 3258
8 3259
8 3260
8 3261
8 3262
8 3263
8 3264
8 3265
8 3266
8 3267
8 3268
8 3269
8 3270
8 3271
8 3272
8 3273
8 3274
8 3275
8 3276
8 3277
8 3278
8 3279
8 3280
8 3281
8 3282
8 3283
8 3284
8 3285
8 3286
8 3287
8 3288
8 3289
8 3290
8 3291
8 3292
8 3293
8 3294
8 3295
8 3296
8 3297
8 3298
8 3299
8 3300
8 3301
8 3302
8 3303
8 3304
8 3305
8 3306
8 3307
8 3308
8 3309
8 3310
8 3311
8 3312
8 3313
8 3314
8 3315
8 3316
8 3317
8 3318
8 3319
8 3320
8 3321
8 3322
8 3323
8 3324
8 3325
8 3326
8 3327
8 3328
8 3329
8 3330
8 3331
8 3332
8 3333
8 3334
8 3335
8 3336
8 3337
8 3338
8 3339
8 3340
8 3341
8 3342
8 3343
8 3344
8 3345
8 3346
8 3347
8 3348
8 3349
8 3350
8 3351
8 3352
8 3353
8 3354
8 3355
8 3356
8 3357
8 3358
8 3359
8 3360
8 3361
8 3362
8 3363
8 3364
8 3365
8 3366
8 3367
8 3368
8 3369
8 3370
8 3371
8 3372
8 3373
8 3374
8 3375
8 3376
8 3377
8 3378
8 3379
8 3380
8 3381
8 3382
8 3383
8 3384
8 3385
8 3386
8 3387
8 3388
8 3389
8 3390
8 3391
8 3392
8 3393
8 3394
8 3395
8 3396
8 3397
8 3398
8 3399
8 3400
8 3401
8 3402
8 3403
8 3404
8 3405
8 3406
8 3407
8 3408
8 3409
8 3410
8 3411
8 3412
8 3413
8 3414
8 3415
8 3416
8 3417
8 3418
8 3419
8 3420
8 3421
8 3422
8 3423
8 3424
8 3425
8 3426
8 3427
8 3428
8 3429
8 3430
8 3431
8 3432
8 3433
8 3434
8 3435
8 3436
8 3437
8 3438
8 3439
8 3440
8 3441
8 3442
8 3443
8 3444
8 3445
8 3446
8 3447
8 3448
8 3449
8 3450
8 3451
8 3452
8 3453
8 3454
8 3455
8 3456
8 3457
8 3458
8 3459
8 3460
8 3461
8 3462
8 3463
8 3464
8 3465
8 3466
8 3467
8 3468
8 3469
8 3470
8 3471
8 3472
8 3473
8 3474
8 3475
8 3476
8 3477
8 3478
8 3479
8 3480
8 3481
8 3482
8 3483
8 3484
8 3485
8 3486
8 3487
8 3488
8 3489
8 3490
8 3491
8 3492
8 3493
8 3494
8 3495
8 3496
8 3497
8 3498
8 3499
8 3500
8 3501
8 3502
8 3503
8 3504
8 3505
8 3506
8 3507
8 3508
8 3509
8 3510
8 3511
8 3512
8 3513
8 3514
8 3515
8 3516
8 3517
8 3518
8 3519
8 3520
8 3521
8 3522
8 3523
8 3524
8 3525
8 3526
8 3527
8 3528
8 3529
8 3530
8 3531
8 3532
8 3533
8 3534
8 3535
8 3536
8 3537
8 3538
8 3539
8 3540
8 3541
8 3542
8 3543
8 3544
8 3545
8 3546
8 3547
8 3548
8 3549
8 3550
8 3551
8 3552
8 3553
8 3554
8 3555
8 3556
8 3557
8 3558
8 3559
8 3560
8 3561
8 3562
8 3563
8 3564
8 3565
8 3566
8 3567
8 3568
8 3569
8 3570
8 3571
8 3572
8 3573
8 3574
8 3575
8 3576
8 3577
8 3578
8 3579
8 3580
8 3581
8 3582
8 3583
8 3584
8 3585
8 3586
8 3587
8 3588
8 3589
8 3590
8 3591
8 3592
8 3593
8 3594
8 3595
8 3596
8 3597
8 3598
8 3599
8 3600
8 3601
8 3602
8 3603
8 3604
8 3605
8 3606
8 3607
8 3608
8 3609
8 3610
8 3611
8 3612
8 3613
8 3614
8 3615
8 3616
8 3617
8 3618
8 3619
8 3620
8 3621
8 3622
8 3623
8 3624
8 3625
8 3626
8 3627
8 3628
8 3629
8 3630
8 3631
8 3632
8 3633
8 3634
8 3635
8 3636
8 3637
8 3638
8 3639
8 3640
8 3641
8 3642
8 3643
8 3644
8 3645
8 3646
8 3647
8 3648
8 3649
8 3650
8 3651
8 3652
8 3653
8 3654
8 3655
8 3656
8 3657
8 3658
8 3659
8 3660
8 3661
8 3662
8 3663
8 3664
8 3665
8 3666
8 3667
8 3668
8 3669
8 3670
8 3671
8 3672
8 3673
8 3674
8 3675
8 3676
8 3677
8 3678
8 3679
8 3680
8 3681
8 3682
8 3683
8 3684
8 3685
8 3686
8 3687
8 3688
8 3689
8 3690
8 3691
8 3692
8 3693
8 3694
8 3695
8 3696
8 3697
8 3698
8 3699
8 3700
8 3701
8 3702
8 3703
8 3704
8 3705
8 3706
8 3707
8 3708
8 3709
8 3710
8 3711
8 3712
8 3713
8 3714
8 3715
8 3716
8 3717
8 3718
8 3719
8 3720
8 3721
8 3722
8 3723
8 3724
8 3725
8 3726
8 3727
8 3728
8 3729
8 3730
8 3731
8 3732
8 3733
8 3734
8 3735
8 3736
8 3737
8 3738
8 3739
8 3740
8 3741
8 3742
8 3743
8 3744
8 3745
8 3746
8 3747
8 3748
8 3749
8 3750
8 3751
8 3752
8 3753
8 3754
8 3755
8 3756
8 3757
8 3758
8 3759
8 3760
8 3761
8 3762
8 3763
8 3764
8 3765
8 3766
8 3767
8 3768
8 3769
8 3770
8 3771
8 3772
8 3773
8 3774
8 3775
8 3776
8 3777
8 3778
8 3779
8 3780
8 3781
8 3782
8 3783
8 3784
8 3785
8 3786
8 3787
8 3788
8 3789
8 3790
8 3791
8 3792
8 3793
8 3794
8 3795
8 3796
8 3797
8 3798
8 3799
8 3800
8 3801
8 3802
8 3803
8 3804
8 3805
8 3806
8 3807
8 3808
8 3809
8 3810
8 3811
8 3812
8 3813
8 3814
8 3815
8 3816
8 3817
8 3818
8 3819
8 3820
8 3821
8 3822
8 3823
8 3824
8 3825
8 3826
8 3827
8 3828
8 3829
8 3830
8 3831
8 3832
8 3833
8 3834
8 3835
8 3836
8 3837
8 3838
8 3839
8 3840
8 3841
8 3842
8 3843
8 3844
8 3845
8 3846
8 3847
8 3848
8 3849
8 3850
8 3851
8 3852
8 3853
8 3854
8 3855
8 3856
8 3857
8 3858
8 3859
8 3860
8 3861
8 3862
8 3863
8 3864
8 3865
8 3866
8 3867
8 3868
8 3869
8 3870
8 3871
8 3872
8 3873
8 3874
8 3875
8 3876
8 3877
8 3878
8 3879
8 3880
8 3881
8 3882
8 3883
8 3884
8 3885
8 3886
8 3887
8 3888
8 3889
8 3890
8 3891
8 3892
8 3893
8 3894
8 3895
8 3896
8 3897
8 3898
8 3899
8 3900
8 3901
8 3902
8 3903
8 3904
8 3905
8 3906
8 3907
8 3908
8 3909
8 3910
8 3911
8 3912
8 3913
8 3914
8 3915
8 3916
8 3917
8 3918
8 3919
8 3920
8 3921
8 3922
8 3923
8 3924
8 3925
8 3926
8 3927
8 3928
8 3929
8 3930
8 3931
8 3932
8 3933
8 3934
8 3935
8 3936
8 3937
8 3938
8 3939
8 3940
8 3941
8 3942
8 3943
8 3944
8 3945
8 3946
8 3947
8 3948
8 3949
8 3950
8 3951
8 3952
8 3953
8 3954
8 3955
8 3956
8 3957
8 3958
8 3959
8 3960
8 3961
8 3962
8 3963
8 3964
8 3965
8 3966
8 3967
8 3968
8 3969
8 3970
8 3971
8 3972
8 3973
8 3974
8 3975
8 3976
8 3977
8 3978
8 3979
8 3980
8 3981
8 3982
8 3983
8 3984
8 3985
8 3986
8 3987
8 3988
8 3989
8 3990
8 3991
8 3992
8 3993
8 3994
8 3995
8 3996
8 3997
8 3998
8 3999
8 4000
8 4001
8 4002
8 4003
8 4004
8 4005
8 4006
8 4007
8 4008
8 4009
8 4010
8 4011
8 4012
8 4013
8 4014
8 4015
8 4016
8 4017
8 4018
8 4019
8 4020
8 4021
8 4022
8 4023
8 4024
8 4025
8 4026
8 4027
8 4028
8 4029
8 4030
8 4031
8 4032
8 4033
8 4034
8 4035
8 4036
8 4037
8 4038
8 4039
8 4040
8 4041
8 4042
8 4043
8 4044
8 4045
8 4046
8 4047
8 4048
8 4049
8 4050
8 4051
8 4052
8 4053
8 4054
8 4055
8 4056
8 4057
8 4058
8 4059
8 4060
8 4061
8 4062
8 4063
8 4064
8 4065
8 4066
8 4067
8 4068
8 4069
