16 0
16 1
16 2
16 3
16 4
16 5
16 6
16 7
16 8
16 9
16 10
16 11
16 12
16 13
16 14
16 15
16 16
16 17
16 18
16 19
16 20
16 21
16 22
16 23
16 24
16 25
16 26
16 27
16 28
16 29
16 30
16 31
16 32
16 33
16 34
16 35
16 36
16 37
16 38
16 39
16 40
16 41
16 42
16 43
16 44
16 45
16 46
16 47
16 48
16 49
16 50
16 51
16 52
16 53
16 54
16 55
16 56
16 57
16 58
16 59
16 60
16 61
16 62
16 63
16 64
16 65
16 66
16 67
16 68
16 69
16 70
16 71
16 72
16 73
16 74
16 75
16 76
16 77
16 78
16 79
16 80
16 81
16 82
16 83
16 84
16 85
16 86
16 87
16 88
16 89
16 90
16 91
16 92
16 93
16 94
16 95
16 96
16 97
16 98
16 99
16 100
16 101
16 102
16 103
16 104
16 105
16 106
16 107
16 108
16 109
16 110
16 111
16 112
16 113
16 114
16 115
16 116
16 117
16 118
16 119
16 120
16 121
16 122
16 123
16 124
16 125
16 126
16 127
16 128
16 129
16 130
16 131
16 132
16 133
16 134
16 135
16 136
16 137
16 138
16 139
16 140
16 141
16 142
16 143
16 144
16 145
16 146
16 147
16 148
16 149
16 150
16 151
16 152
16 153
16 154
16 155
16 156
16 157
16 158
16 159
16 160
16 161
16 162
16 163
16 164
16 165
16 166
16 167
16 168
16 169
16 170
16 171
16 172
16 173
16 174
16 175
16 176
16 177
16 178
16 179
16 180
16 181
16 182
16 183
16 184
16 185
16 186
16 187
16 188
16 189
16 190
16 191
16 192
16 193
16 194
16 195
16 196
16 197
16 198
16 199
16 200
16 201
16 202
16 203
16 204
16 205
16 206
16 207
16 208
16 209
16 210
16 211
16 212
16 213
16 214
16 215
16 216
16 217
16 218
16 219
16 220
16 221
16 222
16 223
16 224
16 225
16 226
16 227
16 228
16 229
16 230
16 231
16 232
16 233
16 234
16 235
16 236
16 237
16 238
16 239
16 240
16 241
16 242
16 243
16 244
16 245
16 246
16 247
16 248
16 249
16 250
16 251
16 252
16 253
16 254
16 255
16 256
16 257
16 258
16 259
16 260
16 261
16 262
16 263
16 264
16 265
16 266
16 267
16 268
16 269
16 270
16 271
16 272
16 273
16 274
16 275
16 276
16 277
16 278
16 279
16 280
16 281
16 282
16 283
16 284
16 285
16 286
16 287
16 288
16 289
16 290
16 291
16 292
16 293
16 294
16 295
16 296
16 297
16 298
16 299
16 300
16 301
16 302
16 303
16 304
16 305
16 306
16 307
16 308
16 309
16 310
16 311
16 312
16 313
16 314
16 315
16 316
16 317
16 318
16 319
16 320
16 321
16 322
16 323
16 324
16 325
16 326
16 327
16 328
16 329
16 330
16 331
16 332
16 333
16 334
16 335
16 336
16 337
16 338
16 339
16 340
16 341
16 342
16 343
16 344
16 345
16 346
16 347
16 348
16 349
16 350
16 351
16 352
16 353
16 354
16 355
16 356
16 357
16 358
16 359
16 360
16 361
16 362
16 363
16 364
16 365
16 366
16 367
16 368
16 369
16 370
16 371
16 372
16 373
16 374
16 375
16 376
16 377
16 378
16 379
16 380
16 381
16 382
16 383
16 384
16 385
16 386
16 387
16 388
16 389
16 390
16 391
16 392
16 393
16 394
16 395
16 396
16 397
16 398
16 399
16 400
16 401
16 402
16 403
16 404
16 405
16 406
16 407
16 408
16 409
16 410
16 411
16 412
16 413
16 414
16 415
16 416
16 417
16 418
16 419
16 420
16 421
16 422
16 423
16 424
16 425
16 426
16 427
16 428
16 429
16 430
16 431
16 432
16 433
16 434
16 435
16 436
16 437
16 438
16 439
16 440
16 441
16 442
16 443
16 444
16 445
16 446
16 447
16 448
16 449
16 450
16 451
16 452
16 453
16 454
16 455
16 456
16 457
16 458
16 459
16 460
16 461
16 462
16 463
16 464
16 465
16 466
16 467
16 468
16 469
16 470
16 471
16 472
16 473
16 474
16 475
16 476
16 477
16 478
16 479
16 480
16 481
16 482
16 483
16 484
16 485
16 486
16 487
16 488
16 489
16 490
16 491
16 492
16 493
16 494
16 495
16 496
16 497
16 498
16 499
16 500
16 501
16 502
16 503
16 504
16 505
16 506
16 507
16 508
16 509
16 510
16 511
16 512
16 513
16 514
16 515
16 516
16 517
16 518
16 519
16 520
16 521
16 522
16 523
16 524
16 525
16 526
16 527
16 528
16 529
16 530
16 531
16 532
16 533
16 534
16 535
16 536
16 537
16 538
16 539
16 540
16 541
16 542
16 543
16 544
16 545
16 546
16 547
16 548
16 549
16 550
16 551
16 552
16 553
16 554
16 555
16 556
16 557
16 558
16 559
16 560
16 561
16 562
16 563
16 564
16 565
16 566
16 567
16 568
16 569
16 570
16 571
16 572
16 573
16 574
16 575
16 576
16 577
16 578
16 579
16 580
16 581
16 582
16 583
16 584
16 585
16 586
16 587
16 588
16 589
16 590
16 591
16 592
16 593
16 594
16 595
16 596
16 597
16 598
16 599
16 600
16 601
16 602
16 603
16 604
16 605
16 606
16 607
16 608
16 609
16 610
16 611
16 612
16 613
16 614
16 615
16 616
16 617
16 618
16 619
16 620
16 621
16 622
16 623
16 624
16 625
16 626
16 627
16 628
16 629
16 630
16 631
16 632
16 633
16 634
16 635
16 636
16 637
16 638
16 639
16 640
16 641
16 642
16 643
16 644
16 645
16 646
16 647
16 648
16 649
16 650
16 651
16 652
16 653
16 654
16 655
16 656
16 657
16 658
16 659
16 660
16 661
16 662
16 663
16 664
16 665
16 666
16 667
16 668
16 669
16 670
16 671
16 672
16 673
16 674
16 675
16 676
16 677
16 678
16 679
16 680
16 681
16 682
16 683
16 684
16 685
16 686
16 687
16 688
16 689
16 690
16 691
16 692
16 693
16 694
16 695
16 696
16 697
16 698
16 699
16 700
16 701
16 702
16 703
16 704
16 705
16 706
16 707
16 708
16 709
16 710
16 711
16 712
16 713
16 714
16 715
16 716
16 717
16 718
16 719
16 720
16 721
16 722
16 723
16 724
16 725
16 726
16 727
16 728
16 729
16 730
16 731
16 732
16 733
16 734
16 735
16 736
16 737
16 738
16 739
16 740
16 741
16 742
16 743
16 744
16 745
16 746
16 747
16 748
16 749
16 750
16 751
16 752
16 753
16 754
16 755
16 756
16 757
16 758
16 759
16 760
16 761
16 762
16 763
16 764
16 765
16 766
16 767
16 768
16 769
16 770
16 771
16 772
16 773
16 774
16 775
16 776
16 777
16 778
16 779
16 780
16 781
16 782
16 783
16 784
16 785
16 786
16 787
16 788
16 789
16 790
16 791
16 792
16 793
16 794
16 795
16 796
16 797
16 798
16 799
16 800
16 801
16 802
16 803
16 804
16 805
16 806
16 807
16 808
16 809
16 810
16 811
16 812
16 813
16 814
16 815
16 816
16 817
16 818
16 819
16 820
16 821
16 822
16 823
16 824
16 825
16 826
16 827
16 828
16 829
16 830
16 831
16 832
16 833
16 834
16 835
16 836
16 837
16 838
16 839
16 840
16 841
16 842
16 843
16 844
16 845
16 846
16 847
16 848
16 849
16 850
16 851
16 852
16 853
16 854
16 855
16 856
16 857
16 858
16 859
16 860
16 861
16 862
16 863
16 864
16 865
16 866
16 867
16 868
16 869
16 870
16 871
16 872
16 873
16 874
16 875
16 876
16 877
16 878
16 879
16 880
16 881
16 882
16 883
16 884
16 885
16 886
16 887
16 888
16 889
16 890
16 891
16 892
16 893
16 894
16 895
16 896
16 897
16 898
16 899
16 900
16 901
16 902
16 903
16 904
16 905
16 906
16 907
16 908
16 909
16 910
16 911
16 912
16 913
16 914
16 915
16 916
16 917
16 918
16 919
16 920
16 921
16 922
16 923
16 924
16 925
16 926
16 927
16 928
16 929
16 930
16 931
16 932
16 933
16 934
16 935
16 936
16 937
16 938
16 939
16 940
16 941
16 942
16 943
16 944
16 945
16 946
16 947
16 948
16 949
16 950
16 951
16 952
16 953
16 954
16 955
16 956
16 957
16 958
16 959
16 960
16 961
16 962
16 963
16 964
16 965
16 966
16 967
16 968
16 969
16 970
16 971
16 972
16 973
16 974
16 975
16 976
16 977
16 978
16 979
16 980
16 981
16 982
16 983
16 984
16 985
16 986
16 987
16 988
16 989
16 990
16 991
16 992
16 993
16 994
16 995
16 996
16 997
16 998
16 999
16 1000
16 1001
16 1002
16 1003
16 1004
16 1005
16 1006
16 1007
16 1008
16 1009
16 1010
16 1011
16 1012
16 1013
16 1014
16 1015
16 1016
16 1017
16 1018
16 1019
16 1020
16 1021
16 1022
16 1023
16 1024
16 1025
16 1026
16 1027
16 1028
16 1029
16 1030
16 1031
16 1032
16 1033
16 1034
16 1035
16 1036
16 1037
16 1038
16 1039
16 1040
16 1041
16 1042
16 1043
16 1044
16 1045
16 1046
16 1047
16 1048
16 1049
16 1050
16 1051
16 1052
16 1053
16 1054
16 1055
16 1056
16 1057
16 1058
16 1059
16 1060
16 1061
16 1062
16 1063
16 1064
16 1065
16 1066
16 1067
16 1068
16 1069
16 1070
16 1071
16 1072
16 1073
16 1074
16 1075
16 1076
16 1077
16 1078
16 1079
16 1080
16 1081
16 1082
16 1083
16 1084
16 1085
16 1086
16 1087
16 1088
16 1089
16 1090
16 1091
16 1092
16 1093
16 1094
16 1095
16 1096
16 1097
16 1098
16 1099
16 1100
16 1101
16 1102
16 1103
16 1104
16 1105
16 1106
16 1107
16 1108
16 1109
16 1110
16 1111
16 1112
16 1113
16 1114
16 1115
16 1116
16 1117
16 1118
16 1119
16 1120
16 1121
16 1122
16 1123
16 1124
16 1125
16 1126
16 1127
16 1128
16 1129
16 1130
16 1131
16 1132
16 1133
16 1134
16 1135
16 1136
16 1137
16 1138
16 1139
16 1140
16 1141
16 1142
16 1143
16 1144
16 1145
16 1146
16 1147
16 1148
16 1149
16 1150
16 1151
16 1152
16 1153
16 1154
16 1155
16 1156
16 1157
16 1158
16 1159
16 1160
16 1161
16 1162
16 1163
16 1164
16 1165
16 1166
16 1167
16 1168
16 1169
16 1170
16 1171
16 1172
16 1173
16 1174
16 1175
16 1176
16 1177
16 1178
16 1179
16 1180
16 1181
16 1182
16 1183
16 1184
16 1185
16 1186
16 1187
16 1188
16 1189
16 1190
16 1191
16 1192
16 1193
16 1194
16 1195
16 1196
16 1197
16 1198
16 1199
16 1200
16 1201
16 1202
16 1203
16 1204
16 1205
16 1206
16 1207
16 1208
16 1209
16 1210
16 1211
16 1212
16 1213
16 1214
16 1215
16 1216
16 1217
16 1218
16 1219
16 1220
16 1221
16 1222
16 1223
16 1224
16 1225
16 1226
16 1227
16 1228
16 1229
16 1230
16 1231
16 1232
16 1233
16 1234
16 1235
16 1236
16 1237
16 1238
16 1239
16 1240
16 1241
16 1242
16 1243
16 1244
16 1245
16 1246
16 1247
16 1248
16 1249
16 1250
16 1251
16 1252
16 1253
16 1254
16 1255
16 1256
16 1257
16 1258
16 1259
16 1260
16 1261
16 1262
16 1263
16 1264
16 1265
16 1266
16 1267
16 1268
16 1269
16 1270
16 1271
16 1272
16 1273
16 1274
16 1275
16 1276
16 1277
16 1278
16 1279
16 1280
16 1281
16 1282
16 1283
16 1284
16 1285
16 1286
16 1287
16 1288
16 1289
16 1290
16 1291
16 1292
16 1293
16 1294
16 1295
16 1296
16 1297
16 1298
16 1299
16 1300
16 1301
16 1302
16 1303
16 1304
16 1305
16 1306
16 1307
16 1308
16 1309
16 1310
16 1311
16 1312
16 1313
16 1314
16 1315
16 1316
16 1317
16 1318
16 1319
16 1320
16 1321
16 1322
16 1323
16 1324
16 1325
16 1326
16 1327
16 1328
16 1329
16 1330
16 1331
16 1332
16 1333
16 1334
16 1335
16 1336
16 1337
16 1338
16 1339
16 1340
16 1341
16 1342
16 1343
16 1344
16 1345
16 1346
16 1347
16 1348
16 1349
16 1350
16 1351
16 1352
16 1353
16 1354
16 1355
16 1356
16 1357
16 1358
16 1359
16 1360
16 1361
16 1362
16 1363
16 1364
16 1365
16 1366
16 1367
16 1368
16 1369
16 1370
16 1371
16 1372
16 1373
16 1374
16 1375
16 1376
16 1377
16 1378
16 1379
16 1380
16 1381
16 1382
16 1383
16 1384
16 1385
16 1386
16 1387
16 1388
16 1389
16 1390
16 1391
16 1392
16 1393
16 1394
16 1395
16 1396
16 1397
16 1398
16 1399
16 1400
16 1401
16 1402
16 1403
16 1404
16 1405
16 1406
16 1407
16 1408
16 1409
16 1410
16 1411
16 1412
16 1413
16 1414
16 1415
16 1416
16 1417
16 1418
16 1419
16 1420
16 1421
16 1422
16 1423
16 1424
16 1425
16 1426
16 1427
16 1428
16 1429
16 1430
16 1431
16 1432
16 1433
16 1434
16 1435
16 1436
16 1437
16 1438
16 1439
16 1440
16 1441
16 1442
16 1443
16 1444
16 1445
16 1446
16 1447
16 1448
16 1449
16 1450
16 1451
16 1452
16 1453
16 1454
16 1455
16 1456
16 1457
16 1458
16 1459
16 1460
16 1461
16 1462
16 1463
16 1464
16 1465
16 1466
16 1467
16 1468
16 1469
16 1470
16 1471
16 1472
16 1473
16 1474
16 1475
16 1476
16 1477
16 1478
16 1479
16 1480
16 1481
16 1482
16 1483
16 1484
16 1485
16 1486
16 1487
16 1488
16 1489
16 1490
16 1491
16 1492
16 1493
16 1494
16 1495
16 1496
16 1497
16 1498
16 1499
16 1500
16 1501
16 1502
16 1503
16 1504
16 1505
16 1506
16 1507
16 1508
16 1509
16 1510
16 1511
16 1512
16 1513
16 1514
16 1515
16 1516
16 1517
16 1518
16 1519
16 1520
16 1521
16 1522
16 1523
16 1524
16 1525
16 1526
16 1527
16 1528
16 1529
16 1530
16 1531
16 1532
16 1533
16 1534
16 1535
16 1536
16 1537
16 1538
16 1539
16 1540
16 1541
16 1542
16 1543
16 1544
16 1545
16 1546
16 1547
16 1548
16 1549
16 1550
16 1551
16 1552
16 1553
16 1554
16 1555
16 1556
16 1557
16 1558
16 1559
16 1560
16 1561
16 1562
16 1563
16 1564
16 1565
16 1566
16 1567
16 1568
16 1569
16 1570
16 1571
16 1572
16 1573
16 1574
16 1575
16 1576
16 1577
16 1578
16 1579
16 1580
16 1581
16 1582
16 1583
16 1584
16 1585
16 1586
16 1587
16 1588
16 1589
16 1590
16 1591
16 1592
16 1593
16 1594
16 1595
16 1596
16 1597
16 1598
16 1599
16 1600
16 1601
16 1602
16 1603
16 1604
16 1605
16 1606
16 1607
16 1608
16 1609
16 1610
16 1611
16 1612
16 1613
16 1614
16 1615
16 1616
16 1617
16 1618
16 1619
16 1620
16 1621
16 1622
16 1623
16 1624
16 1625
16 1626
16 1627
16 1628
16 1629
16 1630
16 1631
16 1632
16 1633
16 1634
16 1635
16 1636
16 1637
16 1638
16 1639
16 1640
16 1641
16 1642
16 1643
16 1644
16 1645
16 1646
16 1647
16 1648
16 1649
16 1650
16 1651
16 1652
16 1653
16 1654
16 1655
16 1656
16 1657
16 1658
16 1659
16 1660
16 1661
16 1662
16 1663
16 1664
16 1665
16 1666
16 1667
16 1668
16 1669
16 1670
16 1671
16 1672
16 1673
16 1674
16 1675
16 1676
16 1677
16 1678
16 1679
16 1680
16 1681
16 1682
16 1683
16 1684
16 1685
16 1686
16 1687
16 1688
16 1689
16 1690
16 1691
16 1692
16 1693
16 1694
16 1695
16 1696
16 1697
16 1698
16 1699
16 1700
16 1701
16 1702
16 1703
16 1704
16 1705
16 1706
16 1707
16 1708
16 1709
16 1710
16 1711
16 1712
16 1713
16 1714
16 1715
16 1716
16 1717
16 1718
16 1719
16 1720
16 1721
16 1722
16 1723
16 1724
16 1725
16 1726
16 1727
16 1728
16 1729
