19 0
19 1
19 2
19 3
19 4
19 5
19 6
19 7
19 8
19 9
19 10
19 11
19 12
19 13
19 14
19 15
19 16
19 17
19 18
19 19
19 20
19 21
19 22
19 23
19 24
19 25
19 26
19 27
19 28
19 29
19 30
19 31
19 32
19 33
19 34
19 35
19 36
19 37
19 38
19 39
19 40
19 41
19 42
19 43
19 44
19 45
19 46
19 47
19 48
19 49
19 50
19 51
19 52
19 53
19 54
19 55
19 56
19 57
19 58
19 59
19 60
19 61
19 62
19 63
19 64
19 65
19 66
19 67
19 68
19 69
19 70
19 71
19 72
19 73
19 74
19 75
19 76
19 77
19 78
19 79
19 80
19 81
19 82
19 83
19 84
19 85
19 86
19 87
19 88
19 89
19 90
19 91
19 92
19 93
19 94
19 95
19 96
19 97
19 98
19 99
19 100
19 101
19 102
19 103
19 104
19 105
19 106
19 107
19 108
19 109
19 110
19 111
19 112
19 113
19 114
19 115
19 116
19 117
19 118
19 119
19 120
19 121
19 122
19 123
19 124
19 125
19 126
19 127
19 128
19 129
19 130
19 131
19 132
19 133
19 134
19 135
19 136
19 137
19 138
19 139
19 140
19 141
19 142
19 143
19 144
19 145
19 146
19 147
19 148
19 149
19 150
19 151
19 152
19 153
19 154
19 155
19 156
19 157
19 158
19 159
19 160
19 161
19 162
19 163
19 164
19 165
19 166
19 167
19 168
19 169
19 170
19 171
19 172
19 173
19 174
19 175
19 176
19 177
19 178
19 179
19 180
19 181
19 182
19 183
19 184
19 185
19 186
19 187
19 188
19 189
19 190
19 191
19 192
19 193
19 194
19 195
19 196
19 197
19 198
19 199
19 200
19 201
19 202
19 203
19 204
19 205
19 206
19 207
19 208
19 209
19 210
19 211
19 212
19 213
19 214
19 215
19 216
19 217
19 218
19 219
19 220
19 221
19 222
19 223
19 224
19 225
19 226
19 227
19 228
19 229
19 230
19 231
19 232
19 233
19 234
19 235
19 236
19 237
19 238
19 239
19 240
19 241
19 242
19 243
19 244
19 245
19 246
19 247
19 248
19 249
19 250
19 251
19 252
19 253
19 254
19 255
19 256
19 257
19 258
19 259
19 260
19 261
19 262
19 263
19 264
19 265
19 266
19 267
19 268
19 269
19 270
19 271
19 272
19 273
19 274
19 275
19 276
19 277
19 278
19 279
19 280
19 281
19 282
19 283
19 284
19 285
19 286
19 287
19 288
19 289
19 290
19 291
19 292
19 293
19 294
19 295
19 296
19 297
19 298
19 299
19 300
19 301
19 302
19 303
19 304
19 305
19 306
19 307
19 308
19 309
19 310
19 311
19 312
19 313
19 314
19 315
19 316
19 317
19 318
19 319
19 320
19 321
19 322
19 323
19 324
19 325
19 326
19 327
19 328
19 329
19 330
19 331
19 332
19 333
19 334
19 335
19 336
19 337
19 338
19 339
19 340
19 341
19 342
19 343
19 344
19 345
19 346
19 347
19 348
19 349
19 350
19 351
19 352
19 353
19 354
19 355
19 356
19 357
19 358
19 359
19 360
19 361
19 362
19 363
19 364
19 365
19 366
19 367
19 368
19 369
19 370
19 371
19 372
19 373
19 374
19 375
19 376
19 377
19 378
19 379
19 380
19 381
19 382
19 383
19 384
19 385
19 386
19 387
19 388
19 389
19 390
19 391
19 392
19 393
19 394
19 395
19 396
19 397
19 398
19 399
19 400
19 401
19 402
19 403
19 404
19 405
19 406
19 407
19 408
19 409
19 410
19 411
19 412
19 413
19 414
19 415
19 416
19 417
19 418
19 419
19 420
19 421
19 422
19 423
19 424
19 425
19 426
19 427
19 428
19 429
19 430
19 431
19 432
19 433
19 434
19 435
19 436
19 437
19 438
19 439
19 440
19 441
19 442
19 443
19 444
19 445
19 446
19 447
19 448
19 449
19 450
19 451
19 452
19 453
19 454
19 455
19 456
19 457
19 458
19 459
19 460
19 461
19 462
19 463
19 464
19 465
19 466
19 467
19 468
19 469
19 470
19 471
19 472
19 473
19 474
19 475
19 476
19 477
19 478
19 479
19 480
19 481
19 482
19 483
19 484
19 485
19 486
19 487
19 488
19 489
19 490
19 491
19 492
19 493
19 494
19 495
19 496
19 497
19 498
19 499
19 500
19 501
19 502
19 503
19 504
19 505
19 506
19 507
19 508
19 509
19 510
19 511
19 512
19 513
19 514
19 515
19 516
19 517
19 518
19 519
19 520
19 521
19 522
19 523
19 524
19 525
19 526
19 527
19 528
19 529
19 530
19 531
19 532
19 533
19 534
19 535
19 536
19 537
19 538
19 539
19 540
19 541
19 542
19 543
19 544
19 545
19 546
19 547
19 548
19 549
19 550
19 551
19 552
19 553
19 554
19 555
19 556
19 557
19 558
19 559
19 560
19 561
19 562
19 563
19 564
19 565
19 566
19 567
19 568
19 569
19 570
19 571
19 572
19 573
19 574
19 575
19 576
19 577
19 578
19 579
19 580
19 581
19 582
19 583
19 584
19 585
19 586
19 587
19 588
19 589
19 590
19 591
19 592
19 593
19 594
19 595
19 596
19 597
19 598
19 599
19 600
19 601
19 602
19 603
19 604
19 605
19 606
19 607
19 608
19 609
19 610
19 611
19 612
19 613
19 614
19 615
19 616
19 617
19 618
19 619
19 620
19 621
19 622
19 623
19 624
19 625
19 626
19 627
19 628
19 629
19 630
19 631
19 632
19 633
19 634
19 635
19 636
19 637
19 638
19 639
19 640
19 641
19 642
19 643
19 644
19 645
19 646
19 647
19 648
19 649
19 650
19 651
19 652
19 653
19 654
19 655
19 656
19 657
19 658
19 659
19 660
19 661
19 662
19 663
19 664
19 665
19 666
19 667
19 668
19 669
19 670
19 671
19 672
19 673
19 674
19 675
19 676
19 677
19 678
19 679
19 680
19 681
19 682
19 683
19 684
19 685
19 686
19 687
19 688
19 689
19 690
19 691
19 692
19 693
19 694
19 695
19 696
19 697
19 698
19 699
19 700
19 701
19 702
19 703
19 704
19 705
19 706
19 707
19 708
19 709
19 710
19 711
19 712
19 713
19 714
19 715
19 716
19 717
19 718
19 719
19 720
19 721
19 722
19 723
19 724
19 725
19 726
19 727
19 728
19 729
19 730
19 731
19 732
19 733
19 734
19 735
19 736
19 737
19 738
19 739
19 740
19 741
19 742
19 743
19 744
19 745
19 746
19 747
19 748
19 749
19 750
19 751
19 752
19 753
19 754
19 755
19 756
19 757
19 758
19 759
19 760
19 761
19 762
19 763
19 764
19 765
19 766
19 767
19 768
19 769
19 770
19 771
19 772
19 773
19 774
19 775
19 776
19 777
19 778
19 779
19 780
19 781
19 782
19 783
19 784
19 785
19 786
19 787
19 788
19 789
19 790
19 791
19 792
19 793
19 794
19 795
19 796
19 797
19 798
19 799
19 800
19 801
19 802
19 803
19 804
19 805
19 806
19 807
19 808
19 809
19 810
19 811
19 812
19 813
19 814
19 815
19 816
19 817
19 818
19 819
19 820
19 821
19 822
19 823
19 824
19 825
19 826
19 827
19 828
19 829
19 830
19 831
19 832
19 833
19 834
19 835
19 836
19 837
19 838
19 839
19 840
19 841
19 842
19 843
19 844
19 845
19 846
19 847
19 848
19 849
19 850
19 851
19 852
19 853
19 854
19 855
19 856
19 857
19 858
19 859
19 860
19 861
19 862
19 863
19 864
19 865
19 866
19 867
19 868
19 869
19 870
19 871
19 872
19 873
19 874
19 875
19 876
19 877
19 878
19 879
19 880
19 881
19 882
19 883
19 884
19 885
19 886
19 887
19 888
19 889
19 890
19 891
19 892
19 893
19 894
19 895
19 896
19 897
19 898
19 899
19 900
19 901
19 902
19 903
19 904
19 905
19 906
19 907
19 908
19 909
19 910
19 911
19 912
19 913
19 914
19 915
19 916
19 917
19 918
19 919
19 920
19 921
19 922
19 923
19 924
19 925
19 926
19 927
19 928
19 929
19 930
19 931
19 932
19 933
19 934
19 935
19 936
19 937
19 938
19 939
19 940
19 941
19 942
19 943
19 944
19 945
19 946
19 947
19 948
19 949
19 950
19 951
19 952
19 953
19 954
19 955
19 956
19 957
19 958
19 959
19 960
19 961
19 962
19 963
19 964
19 965
19 966
19 967
19 968
19 969
19 970
19 971
19 972
19 973
19 974
19 975
19 976
19 977
19 978
19 979
19 980
19 981
19 982
19 983
19 984
19 985
19 986
19 987
19 988
19 989
19 990
19 991
19 992
19 993
19 994
19 995
19 996
19 997
19 998
19 999
19 1000
19 1001
19 1002
19 1003
19 1004
19 1005
19 1006
19 1007
19 1008
19 1009
19 1010
19 1011
19 1012
19 1013
19 1014
19 1015
19 1016
19 1017
19 1018
19 1019
19 1020
19 1021
19 1022
19 1023
19 1024
19 1025
19 1026
19 1027
19 1028
19 1029
19 1030
19 1031
19 1032
19 1033
19 1034
19 1035
19 1036
19 1037
19 1038
19 1039
19 1040
19 1041
19 1042
19 1043
19 1044
19 1045
19 1046
19 1047
19 1048
19 1049
19 1050
19 1051
19 1052
19 1053
19 1054
19 1055
19 1056
19 1057
19 1058
19 1059
19 1060
19 1061
19 1062
19 1063
19 1064
19 1065
19 1066
19 1067
19 1068
19 1069
19 1070
19 1071
19 1072
19 1073
19 1074
19 1075
19 1076
19 1077
19 1078
19 1079
19 1080
19 1081
19 1082
19 1083
19 1084
19 1085
19 1086
19 1087
19 1088
19 1089
19 1090
19 1091
19 1092
19 1093
19 1094
19 1095
19 1096
19 1097
19 1098
19 1099
19 1100
19 1101
19 1102
19 1103
19 1104
19 1105
19 1106
19 1107
19 1108
19 1109
19 1110
19 1111
19 1112
19 1113
19 1114
19 1115
19 1116
19 1117
19 1118
19 1119
19 1120
19 1121
19 1122
19 1123
19 1124
19 1125
19 1126
19 1127
19 1128
19 1129
19 1130
19 1131
19 1132
19 1133
19 1134
19 1135
19 1136
19 1137
19 1138
19 1139
19 1140
19 1141
19 1142
19 1143
19 1144
19 1145
19 1146
19 1147
19 1148
19 1149
19 1150
19 1151
19 1152
19 1153
19 1154
19 1155
19 1156
19 1157
19 1158
19 1159
19 1160
19 1161
19 1162
19 1163
19 1164
19 1165
19 1166
19 1167
19 1168
19 1169
19 1170
19 1171
19 1172
19 1173
19 1174
19 1175
19 1176
19 1177
19 1178
19 1179
19 1180
19 1181
19 1182
19 1183
19 1184
19 1185
19 1186
19 1187
19 1188
19 1189
19 1190
19 1191
19 1192
19 1193
19 1194
19 1195
19 1196
19 1197
19 1198
19 1199
19 1200
19 1201
19 1202
19 1203
19 1204
19 1205
19 1206
19 1207
19 1208
19 1209
19 1210
19 1211
19 1212
19 1213
19 1214
19 1215
19 1216
19 1217
19 1218
19 1219
19 1220
19 1221
19 1222
19 1223
19 1224
19 1225
19 1226
19 1227
19 1228
19 1229
19 1230
19 1231
19 1232
19 1233
19 1234
19 1235
19 1236
19 1237
19 1238
19 1239
19 1240
19 1241
19 1242
19 1243
19 1244
19 1245
19 1246
19 1247
19 1248
19 1249
19 1250
19 1251
19 1252
19 1253
19 1254
19 1255
19 1256
19 1257
19 1258
19 1259
19 1260
19 1261
19 1262
19 1263
19 1264
19 1265
19 1266
19 1267
19 1268
19 1269
19 1270
19 1271
19 1272
19 1273
19 1274
19 1275
19 1276
19 1277
19 1278
19 1279
19 1280
19 1281
19 1282
19 1283
19 1284
19 1285
19 1286
19 1287
19 1288
19 1289
19 1290
19 1291
19 1292
19 1293
19 1294
19 1295
19 1296
19 1297
19 1298
19 1299
19 1300
19 1301
19 1302
19 1303
19 1304
19 1305
19 1306
19 1307
19 1308
19 1309
19 1310
19 1311
19 1312
19 1313
19 1314
19 1315
19 1316
19 1317
19 1318
19 1319
19 1320
19 1321
19 1322
19 1323
19 1324
19 1325
19 1326
19 1327
19 1328
19 1329
19 1330
19 1331
19 1332
19 1333
19 1334
19 1335
19 1336
19 1337
19 1338
19 1339
19 1340
19 1341
19 1342
19 1343
19 1344
19 1345
19 1346
19 1347
19 1348
19 1349
19 1350
19 1351
19 1352
19 1353
19 1354
19 1355
19 1356
19 1357
19 1358
19 1359
19 1360
19 1361
19 1362
19 1363
19 1364
19 1365
19 1366
19 1367
19 1368
19 1369
19 1370
19 1371
19 1372
19 1373
19 1374
19 1375
19 1376
19 1377
19 1378
19 1379
19 1380
19 1381
19 1382
19 1383
19 1384
19 1385
19 1386
19 1387
19 1388
19 1389
19 1390
19 1391
19 1392
19 1393
19 1394
19 1395
19 1396
19 1397
19 1398
19 1399
19 1400
19 1401
19 1402
19 1403
19 1404
19 1405
19 1406
19 1407
19 1408
19 1409
19 1410
19 1411
19 1412
19 1413
19 1414
19 1415
19 1416
19 1417
19 1418
19 1419
19 1420
19 1421
19 1422
19 1423
19 1424
19 1425
19 1426
19 1427
19 1428
19 1429
19 1430
19 1431
19 1432
19 1433
19 1434
19 1435
19 1436
19 1437
19 1438
19 1439
19 1440
19 1441
19 1442
19 1443
19 1444
19 1445
19 1446
19 1447
19 1448
19 1449
19 1450
19 1451
19 1452
19 1453
19 1454
19 1455
19 1456
19 1457
19 1458
19 1459
19 1460
19 1461
19 1462
19 1463
19 1464
19 1465
19 1466
19 1467
19 1468
19 1469
19 1470
19 1471
19 1472
19 1473
19 1474
19 1475
19 1476
19 1477
19 1478
19 1479
19 1480
19 1481
19 1482
19 1483
19 1484
19 1485
19 1486
19 1487
19 1488
19 1489
19 1490
19 1491
19 1492
19 1493
19 1494
19 1495
19 1496
19 1497
19 1498
19 1499
19 1500
19 1501
19 1502
19 1503
19 1504
19 1505
19 1506
19 1507
19 1508
19 1509
19 1510
19 1511
19 1512
19 1513
19 1514
19 1515
19 1516
19 1517
19 1518
19 1519
19 1520
19 1521
19 1522
19 1523
19 1524
19 1525
19 1526
19 1527
19 1528
19 1529
19 1530
19 1531
19 1532
19 1533
19 1534
19 1535
19 1536
19 1537
19 1538
19 1539
19 1540
19 1541
19 1542
19 1543
19 1544
19 1545
19 1546
19 1547
19 1548
19 1549
19 1550
19 1551
19 1552
19 1553
19 1554
19 1555
19 1556
19 1557
19 1558
19 1559
19 1560
19 1561
19 1562
19 1563
19 1564
19 1565
19 1566
19 1567
19 1568
19 1569
19 1570
19 1571
19 1572
19 1573
19 1574
19 1575
19 1576
19 1577
19 1578
19 1579
19 1580
19 1581
19 1582
19 1583
19 1584
19 1585
19 1586
19 1587
19 1588
19 1589
19 1590
19 1591
19 1592
19 1593
19 1594
19 1595
19 1596
19 1597
19 1598
19 1599
19 1600
19 1601
19 1602
19 1603
19 1604
19 1605
19 1606
19 1607
19 1608
19 1609
19 1610
19 1611
19 1612
19 1613
19 1614
19 1615
19 1616
19 1617
19 1618
19 1619
19 1620
19 1621
19 1622
19 1623
19 1624
19 1625
19 1626
19 1627
19 1628
19 1629
19 1630
19 1631
19 1632
19 1633
19 1634
19 1635
19 1636
19 1637
19 1638
19 1639
19 1640
19 1641
19 1642
19 1643
19 1644
19 1645
19 1646
19 1647
19 1648
19 1649
19 1650
19 1651
19 1652
19 1653
19 1654
19 1655
19 1656
19 1657
19 1658
19 1659
19 1660
19 1661
19 1662
19 1663
19 1664
19 1665
19 1666
19 1667
19 1668
19 1669
19 1670
19 1671
19 1672
19 1673
19 1674
19 1675
19 1676
19 1677
19 1678
19 1679
19 1680
19 1681
19 1682
19 1683
19 1684
19 1685
19 1686
19 1687
19 1688
19 1689
19 1690
19 1691
19 1692
19 1693
19 1694
19 1695
19 1696
19 1697
19 1698
19 1699
19 1700
19 1701
19 1702
19 1703
19 1704
19 1705
19 1706
19 1707
19 1708
19 1709
19 1710
19 1711
19 1712
19 1713
19 1714
19 1715
19 1716
19 1717
19 1718
19 1719
19 1720
19 1721
19 1722
19 1723
19 1724
19 1725
19 1726
19 1727
19 1728
19 1729
19 1730
19 1731
19 1732
19 1733
19 1734
19 1735
19 1736
19 1737
19 1738
19 1739
19 1740
19 1741
19 1742
19 1743
19 1744
19 1745
19 1746
19 1747
19 1748
19 1749
19 1750
19 1751
19 1752
19 1753
19 1754
19 1755
19 1756
19 1757
19 1758
19 1759
19 1760
19 1761
19 1762
19 1763
19 1764
19 1765
19 1766
19 1767
19 1768
19 1769
19 1770
19 1771
19 1772
19 1773
19 1774
19 1775
19 1776
19 1777
19 1778
19 1779
19 1780
19 1781
19 1782
19 1783
19 1784
19 1785
19 1786
19 1787
19 1788
19 1789
19 1790
19 1791
19 1792
19 1793
19 1794
19 1795
19 1796
19 1797
19 1798
19 1799
19 1800
19 1801
19 1802
19 1803
19 1804
19 1805
19 1806
19 1807
19 1808
19 1809
19 1810
19 1811
19 1812
19 1813
19 1814
19 1815
19 1816
19 1817
19 1818
19 1819
19 1820
19 1821
19 1822
19 1823
19 1824
19 1825
19 1826
19 1827
19 1828
19 1829
19 1830
19 1831
19 1832
19 1833
19 1834
19 1835
19 1836
19 1837
19 1838
19 1839
19 1840
19 1841
19 1842
19 1843
19 1844
19 1845
19 1846
19 1847
19 1848
19 1849
19 1850
19 1851
19 1852
19 1853
19 1854
19 1855
19 1856
19 1857
19 1858
19 1859
19 1860
19 1861
19 1862
19 1863
19 1864
19 1865
19 1866
19 1867
19 1868
19 1869
19 1870
19 1871
19 1872
19 1873
19 1874
19 1875
19 1876
19 1877
19 1878
19 1879
19 1880
19 1881
19 1882
19 1883
19 1884
19 1885
19 1886
19 1887
19 1888
19 1889
19 1890
19 1891
19 1892
19 1893
19 1894
19 1895
19 1896
19 1897
19 1898
19 1899
19 1900
19 1901
19 1902
19 1903
19 1904
19 1905
19 1906
19 1907
19 1908
19 1909
19 1910
19 1911
19 1912
19 1913
19 1914
19 1915
19 1916
19 1917
19 1918
19 1919
19 1920
19 1921
19 1922
19 1923
19 1924
19 1925
19 1926
19 1927
19 1928
19 1929
19 1930
19 1931
19 1932
19 1933
19 1934
19 1935
19 1936
19 1937
19 1938
19 1939
19 1940
19 1941
19 1942
19 1943
19 1944
19 1945
19 1946
19 1947
19 1948
19 1949
19 1950
19 1951
19 1952
19 1953
19 1954
19 1955
19 1956
19 1957
19 1958
19 1959
19 1960
19 1961
19 1962
19 1963
19 1964
19 1965
19 1966
19 1967
19 1968
19 1969
19 1970
19 1971
19 1972
19 1973
19 1974
19 1975
19 1976
19 1977
19 1978
19 1979
19 1980
19 1981
19 1982
19 1983
19 1984
19 1985
19 1986
19 1987
19 1988
19 1989
19 1990
19 1991
19 1992
19 1993
19 1994
19 1995
19 1996
19 1997
19 1998
19 1999
19 2000
19 2001
19 2002
19 2003
19 2004
19 2005
19 2006
19 2007
19 2008
19 2009
19 2010
19 2011
19 2012
19 2013
19 2014
19 2015
19 2016
19 2017
19 2018
19 2019
19 2020
19 2021
19 2022
19 2023
19 2024
19 2025
19 2026
19 2027
19 2028
19 2029
19 2030
19 2031
19 2032
19 2033
19 2034
19 2035
19 2036
19 2037
19 2038
19 2039
19 2040
19 2041
19 2042
19 2043
19 2044
19 2045
19 2046
19 2047
19 2048
19 2049
19 2050
19 2051
19 2052
19 2053
19 2054
19 2055
19 2056
19 2057
19 2058
19 2059
19 2060
19 2061
19 2062
19 2063
19 2064
19 2065
19 2066
19 2067
19 2068
19 2069
19 2070
19 2071
19 2072
19 2073
19 2074
19 2075
19 2076
19 2077
19 2078
19 2079
19 2080
19 2081
19 2082
19 2083
19 2084
19 2085
19 2086
19 2087
19 2088
19 2089
19 2090
19 2091
19 2092
19 2093
19 2094
19 2095
19 2096
19 2097
19 2098
19 2099
19 2100
19 2101
19 2102
19 2103
19 2104
19 2105
19 2106
19 2107
19 2108
19 2109
19 2110
19 2111
19 2112
19 2113
19 2114
19 2115
19 2116
19 2117
19 2118
19 2119
19 2120
19 2121
19 2122
19 2123
19 2124
19 2125
19 2126
19 2127
19 2128
19 2129
19 2130
19 2131
19 2132
19 2133
19 2134
19 2135
19 2136
19 2137
19 2138
19 2139
19 2140
19 2141
19 2142
19 2143
19 2144
19 2145
19 2146
19 2147
19 2148
19 2149
19 2150
19 2151
19 2152
19 2153
19 2154
19 2155
19 2156
19 2157
19 2158
19 2159
19 2160
19 2161
19 2162
19 2163
19 2164
19 2165
19 2166
19 2167
19 2168
19 2169
19 2170
19 2171
19 2172
19 2173
19 2174
19 2175
19 2176
19 2177
19 2178
19 2179
19 2180
19 2181
19 2182
19 2183
19 2184
19 2185
19 2186
19 2187
19 2188
19 2189
19 2190
19 2191
19 2192
19 2193
19 2194
19 2195
19 2196
19 2197
19 2198
19 2199
19 2200
19 2201
19 2202
19 2203
19 2204
19 2205
19 2206
19 2207
19 2208
19 2209
19 2210
19 2211
19 2212
19 2213
19 2214
19 2215
19 2216
19 2217
19 2218
19 2219
19 2220
19 2221
19 2222
19 2223
19 2224
19 2225
19 2226
19 2227
19 2228
19 2229
19 2230
19 2231
19 2232
19 2233
19 2234
19 2235
19 2236
19 2237
19 2238
19 2239
19 2240
19 2241
19 2242
19 2243
19 2244
19 2245
19 2246
19 2247
19 2248
19 2249
19 2250
19 2251
19 2252
19 2253
19 2254
19 2255
19 2256
19 2257
19 2258
19 2259
19 2260
19 2261
19 2262
19 2263
19 2264
19 2265
19 2266
19 2267
19 2268
19 2269
19 2270
19 2271
19 2272
19 2273
19 2274
19 2275
19 2276
19 2277
19 2278
19 2279
19 2280
19 2281
19 2282
19 2283
19 2284
19 2285
19 2286
19 2287
19 2288
19 2289
19 2290
19 2291
19 2292
19 2293
19 2294
19 2295
19 2296
19 2297
19 2298
19 2299
19 2300
19 2301
19 2302
19 2303
19 2304
19 2305
19 2306
19 2307
19 2308
19 2309
19 2310
19 2311
19 2312
19 2313
19 2314
19 2315
19 2316
19 2317
19 2318
19 2319
19 2320
19 2321
19 2322
19 2323
19 2324
19 2325
19 2326
19 2327
19 2328
19 2329
19 2330
19 2331
19 2332
19 2333
19 2334
19 2335
19 2336
19 2337
19 2338
19 2339
19 2340
19 2341
19 2342
19 2343
19 2344
19 2345
19 2346
19 2347
19 2348
19 2349
19 2350
19 2351
19 2352
19 2353
19 2354
19 2355
19 2356
19 2357
19 2358
19 2359
19 2360
19 2361
19 2362
19 2363
19 2364
19 2365
19 2366
19 2367
19 2368
19 2369
19 2370
19 2371
19 2372
19 2373
19 2374
19 2375
19 2376
19 2377
19 2378
19 2379
19 2380
19 2381
19 2382
19 2383
19 2384
19 2385
19 2386
19 2387
19 2388
19 2389
19 2390
19 2391
19 2392
19 2393
19 2394
19 2395
19 2396
19 2397
19 2398
19 2399
19 2400
19 2401
19 2402
19 2403
19 2404
19 2405
19 2406
19 2407
19 2408
19 2409
19 2410
19 2411
19 2412
19 2413
19 2414
19 2415
19 2416
19 2417
19 2418
19 2419
19 2420
19 2421
19 2422
19 2423
19 2424
19 2425
19 2426
19 2427
19 2428
19 2429
19 2430
19 2431
19 2432
19 2433
19 2434
19 2435
19 2436
19 2437
19 2438
19 2439
19 2440
19 2441
19 2442
19 2443
19 2444
19 2445
19 2446
19 2447
19 2448
19 2449
19 2450
19 2451
19 2452
19 2453
19 2454
19 2455
19 2456
19 2457
19 2458
19 2459
19 2460
19 2461
19 2462
19 2463
19 2464
19 2465
19 2466
19 2467
19 2468
19 2469
19 2470
19 2471
19 2472
19 2473
19 2474
19 2475
19 2476
19 2477
19 2478
19 2479
19 2480
19 2481
19 2482
19 2483
19 2484
19 2485
19 2486
19 2487
19 2488
19 2489
19 2490
19 2491
19 2492
19 2493
19 2494
19 2495
19 2496
19 2497
19 2498
19 2499
19 2500
19 2501
19 2502
19 2503
19 2504
19 2505
19 2506
19 2507
19 2508
19 2509
19 2510
19 2511
19 2512
19 2513
19 2514
19 2515
19 2516
19 2517
19 2518
19 2519
19 2520
19 2521
19 2522
19 2523
19 2524
19 2525
19 2526
19 2527
19 2528
19 2529
19 2530
19 2531
19 2532
19 2533
19 2534
19 2535
19 2536
19 2537
19 2538
19 2539
19 2540
19 2541
19 2542
19 2543
19 2544
19 2545
19 2546
19 2547
19 2548
19 2549
19 2550
19 2551
19 2552
19 2553
19 2554
19 2555
19 2556
19 2557
19 2558
19 2559
19 2560
19 2561
19 2562
19 2563
19 2564
19 2565
19 2566
19 2567
19 2568
19 2569
19 2570
19 2571
19 2572
19 2573
19 2574
19 2575
19 2576
19 2577
19 2578
19 2579
19 2580
19 2581
19 2582
19 2583
19 2584
19 2585
19 2586
19 2587
19 2588
19 2589
19 2590
19 2591
19 2592
19 2593
19 2594
19 2595
19 2596
19 2597
19 2598
19 2599
19 2600
19 2601
19 2602
19 2603
19 2604
19 2605
19 2606
19 2607
19 2608
19 2609
19 2610
19 2611
19 2612
19 2613
19 2614
19 2615
19 2616
19 2617
19 2618
19 2619
19 2620
19 2621
19 2622
19 2623
19 2624
19 2625
19 2626
19 2627
19 2628
19 2629
19 2630
19 2631
19 2632
19 2633
19 2634
19 2635
19 2636
19 2637
19 2638
19 2639
19 2640
19 2641
19 2642
19 2643
19 2644
19 2645
19 2646
19 2647
19 2648
19 2649
19 2650
19 2651
19 2652
19 2653
19 2654
19 2655
19 2656
19 2657
19 2658
19 2659
19 2660
19 2661
19 2662
19 2663
19 2664
19 2665
19 2666
19 2667
19 2668
19 2669
19 2670
19 2671
19 2672
19 2673
19 2674
19 2675
19 2676
19 2677
19 2678
19 2679
19 2680
19 2681
19 2682
19 2683
19 2684
19 2685
19 2686
19 2687
19 2688
19 2689
19 2690
19 2691
19 2692
19 2693
19 2694
19 2695
19 2696
19 2697
19 2698
19 2699
19 2700
19 2701
19 2702
19 2703
19 2704
19 2705
19 2706
19 2707
19 2708
19 2709
19 2710
19 2711
19 2712
19 2713
19 2714
19 2715
19 2716
19 2717
19 2718
19 2719
19 2720
19 2721
19 2722
19 2723
19 2724
19 2725
19 2726
19 2727
19 2728
19 2729
19 2730
19 2731
19 2732
19 2733
19 2734
19 2735
19 2736
19 2737
19 2738
19 2739
19 2740
19 2741
19 2742
19 2743
19 2744
19 2745
19 2746
19 2747
19 2748
19 2749
19 2750
19 2751
19 2752
19 2753
19 2754
19 2755
19 2756
19 2757
19 2758
19 2759
19 2760
19 2761
19 2762
19 2763
19 2764
19 2765
19 2766
19 2767
19 2768
19 2769
19 2770
19 2771
19 2772
19 2773
19 2774
19 2775
19 2776
19 2777
19 2778
19 2779
19 2780
19 2781
19 2782
19 2783
19 2784
19 2785
19 2786
19 2787
19 2788
19 2789
19 2790
19 2791
19 2792
19 2793
19 2794
19 2795
19 2796
19 2797
19 2798
19 2799
19 2800
19 2801
19 2802
19 2803
19 2804
19 2805
19 2806
19 2807
19 2808
19 2809
19 2810
19 2811
19 2812
19 2813
19 2814
19 2815
19 2816
19 2817
19 2818
19 2819
19 2820
19 2821
19 2822
19 2823
19 2824
19 2825
19 2826
19 2827
19 2828
19 2829
19 2830
19 2831
19 2832
19 2833
19 2834
19 2835
19 2836
19 2837
19 2838
19 2839
19 2840
19 2841
19 2842
19 2843
19 2844
19 2845
19 2846
19 2847
19 2848
19 2849
19 2850
19 2851
19 2852
19 2853
19 2854
19 2855
19 2856
19 2857
19 2858
19 2859
19 2860
19 2861
19 2862
19 2863
19 2864
19 2865
19 2866
19 2867
19 2868
19 2869
19 2870
19 2871
19 2872
19 2873
19 2874
19 2875
19 2876
19 2877
19 2878
19 2879
19 2880
19 2881
19 2882
19 2883
19 2884
19 2885
19 2886
19 2887
19 2888
19 2889
19 2890
19 2891
19 2892
19 2893
19 2894
19 2895
19 2896
19 2897
19 2898
19 2899
19 2900
19 2901
19 2902
19 2903
19 2904
19 2905
19 2906
19 2907
19 2908
19 2909
19 2910
19 2911
19 2912
19 2913
19 2914
19 2915
19 2916
19 2917
19 2918
19 2919
19 2920
19 2921
19 2922
19 2923
19 2924
19 2925
19 2926
19 2927
19 2928
19 2929
19 2930
19 2931
19 2932
19 2933
19 2934
19 2935
19 2936
19 2937
19 2938
19 2939
19 2940
19 2941
19 2942
19 2943
19 2944
19 2945
19 2946
19 2947
19 2948
19 2949
19 2950
19 2951
19 2952
19 2953
19 2954
19 2955
19 2956
19 2957
19 2958
19 2959
19 2960
19 2961
19 2962
19 2963
19 2964
19 2965
19 2966
19 2967
19 2968
19 2969
19 2970
19 2971
19 2972
19 2973
19 2974
19 2975
19 2976
19 2977
19 2978
19 2979
19 2980
19 2981
19 2982
19 2983
19 2984
19 2985
19 2986
19 2987
19 2988
19 2989
19 2990
19 2991
19 2992
19 2993
19 2994
19 2995
19 2996
19 2997
19 2998
19 2999
19 3000
19 3001
19 3002
19 3003
19 3004
19 3005
19 3006
19 3007
19 3008
19 3009
19 3010
19 3011
19 3012
19 3013
19 3014
19 3015
19 3016
19 3017
19 3018
19 3019
19 3020
19 3021
19 3022
19 3023
19 3024
19 3025
19 3026
19 3027
19 3028
19 3029
19 3030
19 3031
19 3032
19 3033
19 3034
19 3035
19 3036
19 3037
19 3038
19 3039
19 3040
19 3041
19 3042
19 3043
19 3044
19 3045
19 3046
19 3047
19 3048
19 3049
19 3050
19 3051
19 3052
19 3053
19 3054
19 3055
19 3056
19 3057
19 3058
19 3059
19 3060
19 3061
19 3062
19 3063
19 3064
19 3065
19 3066
19 3067
19 3068
19 3069
19 3070
19 3071
19 3072
19 3073
19 3074
19 3075
19 3076
19 3077
19 3078
19 3079
19 3080
19 3081
19 3082
19 3083
19 3084
19 3085
19 3086
19 3087
19 3088
19 3089
19 3090
19 3091
19 3092
19 3093
19 3094
19 3095
19 3096
19 3097
19 3098
19 3099
19 3100
19 3101
19 3102
19 3103
19 3104
19 3105
19 3106
19 3107
19 3108
19 3109
19 3110
19 3111
19 3112
19 3113
19 3114
19 3115
19 3116
19 3117
19 3118
19 3119
19 3120
19 3121
19 3122
19 3123
19 3124
19 3125
19 3126
19 3127
19 3128
19 3129
19 3130
19 3131
19 3132
19 3133
19 3134
19 3135
19 3136
19 3137
19 3138
19 3139
19 3140
19 3141
19 3142
19 3143
19 3144
19 3145
19 3146
19 3147
19 3148
19 3149
19 3150
19 3151
19 3152
19 3153
19 3154
19 3155
19 3156
19 3157
19 3158
19 3159
19 3160
19 3161
19 3162
19 3163
19 3164
19 3165
19 3166
19 3167
19 3168
19 3169
19 3170
19 3171
19 3172
19 3173
19 3174
19 3175
19 3176
19 3177
19 3178
19 3179
19 3180
19 3181
19 3182
19 3183
19 3184
19 3185
19 3186
19 3187
19 3188
19 3189
19 3190
19 3191
19 3192
19 3193
19 3194
19 3195
19 3196
19 3197
19 3198
19 3199
19 3200
19 3201
19 3202
19 3203
19 3204
19 3205
19 3206
19 3207
19 3208
19 3209
19 3210
19 3211
19 3212
19 3213
19 3214
19 3215
19 3216
19 3217
19 3218
19 3219
19 3220
19 3221
19 3222
19 3223
19 3224
19 3225
19 3226
19 3227
19 3228
19 3229
19 3230
19 3231
19 3232
19 3233
19 3234
19 3235
19 3236
19 3237
19 3238
19 3239
19 3240
19 3241
19 3242
19 3243
19 3244
19 3245
19 3246
19 3247
19 3248
19 3249
19 3250
19 3251
19 3252
19 3253
19 3254
19 3255
19 3256
19 3257
19 3258
19 3259
19 3260
19 3261
19 3262
19 3263
19 3264
19 3265
19 3266
19 3267
19 3268
19 3269
19 3270
19 3271
19 3272
19 3273
19 3274
19 3275
19 3276
19 3277
19 3278
19 3279
19 3280
19 3281
19 3282
19 3283
19 3284
19 3285
19 3286
19 3287
19 3288
19 3289
19 3290
19 3291
19 3292
19 3293
19 3294
19 3295
19 3296
19 3297
19 3298
19 3299
19 3300
19 3301
19 3302
19 3303
19 3304
19 3305
19 3306
19 3307
19 3308
19 3309
19 3310
19 3311
19 3312
19 3313
19 3314
19 3315
19 3316
19 3317
19 3318
19 3319
19 3320
19 3321
19 3322
19 3323
19 3324
19 3325
19 3326
19 3327
19 3328
19 3329
19 3330
19 3331
19 3332
19 3333
19 3334
19 3335
19 3336
19 3337
19 3338
19 3339
19 3340
19 3341
19 3342
19 3343
19 3344
19 3345
19 3346
19 3347
19 3348
19 3349
19 3350
19 3351
19 3352
19 3353
19 3354
19 3355
19 3356
19 3357
19 3358
19 3359
19 3360
19 3361
19 3362
19 3363
19 3364
19 3365
19 3366
19 3367
19 3368
19 3369
19 3370
19 3371
19 3372
19 3373
19 3374
19 3375
19 3376
19 3377
19 3378
19 3379
19 3380
19 3381
19 3382
19 3383
19 3384
19 3385
19 3386
19 3387
19 3388
19 3389
19 3390
19 3391
19 3392
19 3393
19 3394
19 3395
19 3396
19 3397
19 3398
19 3399
19 3400
19 3401
19 3402
19 3403
19 3404
19 3405
19 3406
19 3407
19 3408
19 3409
19 3410
19 3411
19 3412
19 3413
19 3414
19 3415
19 3416
19 3417
19 3418
19 3419
19 3420
19 3421
19 3422
19 3423
19 3424
19 3425
19 3426
19 3427
19 3428
19 3429
19 3430
19 3431
19 3432
19 3433
19 3434
19 3435
19 3436
19 3437
19 3438
19 3439
19 3440
19 3441
19 3442
19 3443
19 3444
19 3445
19 3446
19 3447
19 3448
19 3449
19 3450
19 3451
19 3452
19 3453
19 3454
19 3455
19 3456
19 3457
19 3458
19 3459
19 3460
19 3461
19 3462
19 3463
19 3464
19 3465
19 3466
19 3467
19 3468
19 3469
19 3470
19 3471
19 3472
19 3473
19 3474
19 3475
19 3476
19 3477
19 3478
19 3479
19 3480
19 3481
19 3482
19 3483
19 3484
19 3485
19 3486
19 3487
19 3488
19 3489
19 3490
19 3491
19 3492
19 3493
19 3494
19 3495
19 3496
19 3497
19 3498
19 3499
19 3500
19 3501
19 3502
19 3503
19 3504
19 3505
19 3506
19 3507
19 3508
19 3509
19 3510
19 3511
19 3512
19 3513
19 3514
19 3515
19 3516
19 3517
19 3518
19 3519
19 3520
19 3521
19 3522
19 3523
19 3524
19 3525
19 3526
19 3527
19 3528
19 3529
19 3530
19 3531
19 3532
19 3533
19 3534
19 3535
19 3536
19 3537
19 3538
19 3539
19 3540
19 3541
19 3542
19 3543
19 3544
19 3545
19 3546
19 3547
19 3548
19 3549
19 3550
19 3551
19 3552
19 3553
19 3554
19 3555
19 3556
19 3557
19 3558
19 3559
19 3560
19 3561
19 3562
19 3563
19 3564
19 3565
19 3566
19 3567
19 3568
19 3569
19 3570
19 3571
19 3572
19 3573
19 3574
19 3575
19 3576
19 3577
19 3578
19 3579
19 3580
19 3581
19 3582
19 3583
19 3584
19 3585
19 3586
19 3587
19 3588
19 3589
19 3590
19 3591
19 3592
19 3593
19 3594
19 3595
19 3596
19 3597
19 3598
19 3599
19 3600
19 3601
19 3602
19 3603
19 3604
19 3605
19 3606
19 3607
19 3608
19 3609
19 3610
19 3611
19 3612
19 3613
19 3614
19 3615
19 3616
19 3617
19 3618
19 3619
19 3620
19 3621
19 3622
19 3623
19 3624
19 3625
19 3626
19 3627
19 3628
19 3629
19 3630
19 3631
19 3632
19 3633
19 3634
19 3635
19 3636
19 3637
19 3638
19 3639
19 3640
19 3641
19 3642
19 3643
19 3644
19 3645
19 3646
19 3647
19 3648
19 3649
19 3650
19 3651
19 3652
19 3653
19 3654
19 3655
19 3656
19 3657
19 3658
19 3659
19 3660
19 3661
19 3662
19 3663
19 3664
19 3665
19 3666
19 3667
19 3668
19 3669
19 3670
19 3671
19 3672
19 3673
19 3674
19 3675
19 3676
19 3677
19 3678
19 3679
19 3680
19 3681
19 3682
19 3683
19 3684
19 3685
19 3686
19 3687
19 3688
19 3689
19 3690
19 3691
19 3692
19 3693
19 3694
19 3695
19 3696
19 3697
19 3698
19 3699
19 3700
19 3701
19 3702
19 3703
19 3704
19 3705
19 3706
19 3707
19 3708
19 3709
19 3710
19 3711
19 3712
19 3713
19 3714
19 3715
19 3716
19 3717
19 3718
19 3719
19 3720
19 3721
19 3722
19 3723
19 3724
19 3725
19 3726
19 3727
19 3728
19 3729
19 3730
19 3731
19 3732
19 3733
19 3734
19 3735
19 3736
19 3737
19 3738
19 3739
19 3740
19 3741
19 3742
19 3743
19 3744
19 3745
19 3746
19 3747
19 3748
19 3749
19 3750
19 3751
19 3752
19 3753
19 3754
19 3755
19 3756
19 3757
19 3758
19 3759
19 3760
19 3761
19 3762
19 3763
19 3764
19 3765
19 3766
19 3767
19 3768
19 3769
19 3770
19 3771
19 3772
19 3773
19 3774
19 3775
19 3776
19 3777
19 3778
19 3779
19 3780
19 3781
19 3782
19 3783
19 3784
19 3785
19 3786
19 3787
19 3788
19 3789
19 3790
19 3791
19 3792
19 3793
19 3794
19 3795
19 3796
19 3797
19 3798
19 3799
19 3800
19 3801
19 3802
19 3803
19 3804
19 3805
19 3806
19 3807
19 3808
19 3809
19 3810
19 3811
19 3812
19 3813
19 3814
19 3815
19 3816
19 3817
19 3818
19 3819
19 3820
19 3821
19 3822
19 3823
19 3824
19 3825
19 3826
19 3827
19 3828
19 3829
19 3830
19 3831
19 3832
19 3833
19 3834
19 3835
19 3836
19 3837
19 3838
19 3839
19 3840
19 3841
19 3842
19 3843
19 3844
19 3845
19 3846
19 3847
19 3848
19 3849
19 3850
19 3851
19 3852
19 3853
19 3854
19 3855
19 3856
19 3857
19 3858
19 3859
19 3860
19 3861
19 3862
19 3863
19 3864
19 3865
19 3866
19 3867
19 3868
19 3869
19 3870
19 3871
19 3872
19 3873
19 3874
19 3875
19 3876
19 3877
19 3878
19 3879
19 3880
19 3881
19 3882
19 3883
19 3884
19 3885
19 3886
19 3887
19 3888
19 3889
19 3890
19 3891
19 3892
19 3893
19 3894
19 3895
19 3896
19 3897
19 3898
19 3899
19 3900
19 3901
19 3902
19 3903
19 3904
19 3905
19 3906
19 3907
19 3908
19 3909
19 3910
19 3911
19 3912
19 3913
19 3914
19 3915
19 3916
19 3917
19 3918
19 3919
19 3920
19 3921
19 3922
19 3923
19 3924
19 3925
19 3926
19 3927
19 3928
19 3929
19 3930
19 3931
19 3932
19 3933
19 3934
19 3935
19 3936
19 3937
19 3938
19 3939
19 3940
19 3941
19 3942
19 3943
19 3944
19 3945
19 3946
19 3947
19 3948
19 3949
19 3950
19 3951
19 3952
19 3953
19 3954
19 3955
19 3956
19 3957
19 3958
19 3959
19 3960
19 3961
19 3962
19 3963
19 3964
19 3965
19 3966
19 3967
19 3968
19 3969
19 3970
19 3971
19 3972
19 3973
19 3974
19 3975
19 3976
19 3977
19 3978
19 3979
19 3980
19 3981
19 3982
19 3983
19 3984
19 3985
19 3986
19 3987
19 3988
19 3989
19 3990
19 3991
19 3992
19 3993
19 3994
19 3995
19 3996
19 3997
19 3998
19 3999
19 4000
19 4001
19 4002
19 4003
19 4004
19 4005
19 4006
19 4007
19 4008
19 4009
19 4010
19 4011
19 4012
19 4013
19 4014
19 4015
19 4016
19 4017
19 4018
19 4019
19 4020
19 4021
19 4022
19 4023
19 4024
19 4025
19 4026
19 4027
19 4028
19 4029
19 4030
19 4031
19 4032
19 4033
19 4034
19 4035
19 4036
19 4037
19 4038
19 4039
19 4040
19 4041
19 4042
19 4043
19 4044
19 4045
19 4046
19 4047
19 4048
19 4049
19 4050
19 4051
19 4052
19 4053
19 4054
19 4055
19 4056
19 4057
19 4058
19 4059
19 4060
19 4061
19 4062
19 4063
19 4064
19 4065
19 4066
19 4067
19 4068
19 4069
19 4070
19 4071
19 4072
19 4073
19 4074
19 4075
19 4076
19 4077
19 4078
19 4079
19 4080
19 4081
19 4082
19 4083
19 4084
19 4085
19 4086
19 4087
19 4088
19 4089
19 4090
19 4091
19 4092
19 4093
19 4094
19 4095
19 4096
19 4097
19 4098
19 4099
19 4100
19 4101
19 4102
19 4103
19 4104
19 4105
19 4106
19 4107
19 4108
19 4109
19 4110
19 4111
19 4112
19 4113
19 4114
19 4115
19 4116
19 4117
19 4118
19 4119
19 4120
19 4121
19 4122
19 4123
19 4124
19 4125
19 4126
19 4127
19 4128
19 4129
19 4130
19 4131
19 4132
19 4133
19 4134
19 4135
19 4136
19 4137
19 4138
19 4139
19 4140
19 4141
19 4142
19 4143
19 4144
19 4145
19 4146
19 4147
19 4148
19 4149
19 4150
19 4151
19 4152
19 4153
19 4154
19 4155
19 4156
19 4157
19 4158
19 4159
19 4160
19 4161
19 4162
19 4163
19 4164
19 4165
19 4166
19 4167
19 4168
19 4169
19 4170
19 4171
19 4172
19 4173
19 4174
19 4175
19 4176
19 4177
19 4178
19 4179
19 4180
19 4181
19 4182
19 4183
19 4184
19 4185
19 4186
19 4187
19 4188
19 4189
19 4190
19 4191
19 4192
19 4193
19 4194
19 4195
19 4196
19 4197
19 4198
19 4199
19 4200
19 4201
19 4202
19 4203
19 4204
19 4205
19 4206
19 4207
19 4208
19 4209
19 4210
19 4211
19 4212
19 4213
19 4214
19 4215
19 4216
19 4217
19 4218
19 4219
19 4220
19 4221
19 4222
19 4223
19 4224
19 4225
19 4226
19 4227
19 4228
19 4229
19 4230
19 4231
19 4232
19 4233
19 4234
19 4235
19 4236
19 4237
19 4238
19 4239
19 4240
19 4241
19 4242
19 4243
19 4244
19 4245
19 4246
19 4247
19 4248
19 4249
19 4250
19 4251
19 4252
19 4253
19 4254
19 4255
19 4256
19 4257
19 4258
19 4259
19 4260
19 4261
19 4262
19 4263
19 4264
19 4265
19 4266
19 4267
19 4268
19 4269
19 4270
19 4271
19 4272
19 4273
19 4274
19 4275
19 4276
19 4277
19 4278
19 4279
19 4280
19 4281
19 4282
19 4283
19 4284
19 4285
19 4286
19 4287
19 4288
19 4289
19 4290
19 4291
19 4292
19 4293
19 4294
19 4295
19 4296
19 4297
19 4298
19 4299
19 4300
19 4301
19 4302
19 4303
19 4304
19 4305
19 4306
19 4307
19 4308
19 4309
19 4310
19 4311
19 4312
19 4313
19 4314
19 4315
19 4316
19 4317
19 4318
19 4319
19 4320
19 4321
19 4322
19 4323
19 4324
19 4325
19 4326
19 4327
19 4328
19 4329
19 4330
19 4331
19 4332
19 4333
19 4334
19 4335
19 4336
19 4337
19 4338
19 4339
19 4340
19 4341
19 4342
19 4343
19 4344
19 4345
19 4346
19 4347
19 4348
19 4349
19 4350
19 4351
19 4352
19 4353
19 4354
19 4355
19 4356
19 4357
19 4358
19 4359
19 4360
19 4361
19 4362
19 4363
19 4364
19 4365
19 4366
19 4367
19 4368
19 4369
19 4370
19 4371
19 4372
19 4373
19 4374
19 4375
19 4376
19 4377
19 4378
19 4379
19 4380
19 4381
19 4382
19 4383
19 4384
19 4385
19 4386
19 4387
19 4388
19 4389
19 4390
19 4391
19 4392
19 4393
19 4394
19 4395
19 4396
19 4397
19 4398
19 4399
19 4400
19 4401
19 4402
19 4403
19 4404
19 4405
19 4406
19 4407
19 4408
19 4409
19 4410
19 4411
19 4412
19 4413
19 4414
19 4415
19 4416
19 4417
19 4418
19 4419
19 4420
19 4421
19 4422
19 4423
19 4424
19 4425
19 4426
19 4427
19 4428
19 4429
19 4430
19 4431
19 4432
19 4433
19 4434
19 4435
19 4436
19 4437
19 4438
19 4439
19 4440
19 4441
19 4442
19 4443
19 4444
19 4445
19 4446
19 4447
19 4448
19 4449
19 4450
19 4451
19 4452
19 4453
19 4454
19 4455
19 4456
19 4457
19 4458
19 4459
19 4460
19 4461
19 4462
19 4463
19 4464
19 4465
19 4466
19 4467
19 4468
19 4469
19 4470
19 4471
19 4472
19 4473
19 4474
19 4475
19 4476
19 4477
19 4478
19 4479
19 4480
19 4481
19 4482
19 4483
19 4484
19 4485
19 4486
19 4487
19 4488
19 4489
19 4490
19 4491
19 4492
19 4493
19 4494
19 4495
19 4496
19 4497
19 4498
19 4499
19 4500
19 4501
19 4502
19 4503
19 4504
19 4505
19 4506
19 4507
19 4508
19 4509
19 4510
19 4511
19 4512
19 4513
19 4514
19 4515
19 4516
19 4517
19 4518
19 4519
19 4520
19 4521
19 4522
19 4523
19 4524
19 4525
19 4526
19 4527
19 4528
19 4529
19 4530
19 4531
19 4532
19 4533
19 4534
19 4535
19 4536
19 4537
19 4538
19 4539
19 4540
19 4541
19 4542
19 4543
19 4544
19 4545
19 4546
19 4547
19 4548
19 4549
19 4550
19 4551
19 4552
19 4553
19 4554
19 4555
19 4556
19 4557
19 4558
19 4559
19 4560
19 4561
19 4562
19 4563
19 4564
19 4565
19 4566
19 4567
19 4568
19 4569
19 4570
19 4571
19 4572
19 4573
19 4574
19 4575
19 4576
19 4577
19 4578
19 4579
19 4580
19 4581
19 4582
19 4583
19 4584
19 4585
19 4586
19 4587
19 4588
19 4589
19 4590
19 4591
19 4592
19 4593
19 4594
19 4595
19 4596
19 4597
19 4598
19 4599
19 4600
19 4601
19 4602
19 4603
19 4604
19 4605
19 4606
19 4607
19 4608
19 4609
19 4610
19 4611
19 4612
19 4613
19 4614
19 4615
19 4616
19 4617
19 4618
19 4619
19 4620
19 4621
19 4622
19 4623
19 4624
19 4625
19 4626
19 4627
19 4628
19 4629
19 4630
19 4631
19 4632
19 4633
19 4634
19 4635
19 4636
19 4637
19 4638
19 4639
19 4640
19 4641
19 4642
19 4643
19 4644
19 4645
19 4646
19 4647
19 4648
19 4649
19 4650
19 4651
19 4652
19 4653
19 4654
19 4655
19 4656
19 4657
19 4658
19 4659
19 4660
19 4661
19 4662
19 4663
19 4664
19 4665
19 4666
19 4667
19 4668
19 4669
19 4670
19 4671
19 4672
19 4673
19 4674
19 4675
19 4676
19 4677
19 4678
19 4679
19 4680
19 4681
19 4682
19 4683
19 4684
19 4685
19 4686
19 4687
19 4688
19 4689
19 4690
19 4691
19 4692
19 4693
19 4694
19 4695
19 4696
19 4697
19 4698
19 4699
19 4700
19 4701
19 4702
19 4703
19 4704
19 4705
19 4706
19 4707
19 4708
19 4709
19 4710
19 4711
19 4712
19 4713
19 4714
19 4715
19 4716
19 4717
19 4718
19 4719
19 4720
19 4721
19 4722
19 4723
19 4724
19 4725
19 4726
19 4727
19 4728
19 4729
19 4730
19 4731
19 4732
19 4733
19 4734
19 4735
19 4736
19 4737
19 4738
19 4739
19 4740
19 4741
19 4742
19 4743
19 4744
19 4745
19 4746
19 4747
19 4748
19 4749
19 4750
19 4751
19 4752
19 4753
19 4754
19 4755
19 4756
19 4757
19 4758
19 4759
19 4760
19 4761
19 4762
19 4763
19 4764
19 4765
19 4766
19 4767
19 4768
19 4769
19 4770
19 4771
19 4772
19 4773
19 4774
19 4775
19 4776
19 4777
19 4778
19 4779
19 4780
19 4781
19 4782
19 4783
19 4784
19 4785
19 4786
19 4787
19 4788
19 4789
19 4790
19 4791
19 4792
19 4793
19 4794
19 4795
19 4796
19 4797
19 4798
19 4799
19 4800
19 4801
19 4802
19 4803
19 4804
19 4805
19 4806
19 4807
19 4808
19 4809
19 4810
19 4811
19 4812
19 4813
19 4814
19 4815
19 4816
19 4817
19 4818
19 4819
19 4820
19 4821
19 4822
19 4823
19 4824
19 4825
19 4826
19 4827
19 4828
19 4829
19 4830
19 4831
19 4832
19 4833
19 4834
19 4835
19 4836
19 4837
19 4838
19 4839
19 4840
19 4841
19 4842
19 4843
19 4844
19 4845
19 4846
19 4847
19 4848
19 4849
19 4850
19 4851
19 4852
19 4853
19 4854
19 4855
19 4856
19 4857
19 4858
19 4859
19 4860
19 4861
19 4862
19 4863
19 4864
19 4865
19 4866
19 4867
19 4868
19 4869
19 4870
19 4871
19 4872
19 4873
19 4874
19 4875
19 4876
19 4877
19 4878
19 4879
19 4880
19 4881
19 4882
19 4883
19 4884
19 4885
19 4886
19 4887
19 4888
19 4889
19 4890
19 4891
19 4892
19 4893
19 4894
19 4895
19 4896
19 4897
19 4898
19 4899
19 4900
19 4901
19 4902
19 4903
19 4904
19 4905
19 4906
19 4907
19 4908
19 4909
19 4910
19 4911
19 4912
19 4913
19 4914
19 4915
19 4916
19 4917
19 4918
19 4919
19 4920
19 4921
19 4922
19 4923
19 4924
19 4925
19 4926
19 4927
19 4928
19 4929
19 4930
19 4931
19 4932
19 4933
19 4934
19 4935
19 4936
19 4937
19 4938
19 4939
19 4940
19 4941
19 4942
19 4943
19 4944
19 4945
19 4946
19 4947
19 4948
19 4949
19 4950
19 4951
19 4952
19 4953
19 4954
19 4955
19 4956
19 4957
19 4958
19 4959
19 4960
19 4961
19 4962
19 4963
19 4964
19 4965
19 4966
19 4967
19 4968
19 4969
19 4970
19 4971
19 4972
19 4973
19 4974
19 4975
19 4976
19 4977
19 4978
19 4979
